appid,price_history
018d95d5-3d80-728f-a958-b42ea03cf35f,"[{'timestamp': '2024-02-11T03:50:33+01:00', 'shop': {'id': 61, 'name': 'Steam'}, 'deal': {'price': {'amount': 0, 'amountInt': 0, 'currency': 'USD'}, 'regular': {'amount': 0, 'amountInt': 0, 'currency': 'USD'}, 'cut': 0}}, {'timestamp': '2022-03-20T20:05:55+01:00', 'shop': {'id': 61, 'name': 'Steam'}, 'deal': {'price': {'amount': 0, 'amountInt': 0, 'currency': 'USD'}, 'regular': {'amount': 0, 'amountInt': 0, 'currency': 'USD'}, 'cut': 0}}, {'timestamp': '2022-03-12T14:16:00+01:00', 'shop': {'id': 61, 'name': 'Steam'}, 'deal': {'price': {'amount': 0, 'amountInt': 0, 'currency': 'USD'}, 'regular': {'amount': 0, 'amountInt': 0, 'currency': 'USD'}, 'cut': 0}}, {'timestamp': '2022-03-12T14:06:19+01:00', 'shop': {'id': 61, 'name': 'Steam'}, 'deal': {'price': {'amount': 0, 'amountInt': 0, 'currency': 'USD'}, 'regular': {'amount': 0, 'amountInt': 0, 'currency': 'USD'}, 'cut': 0}}, {'timestamp': '2022-03-12T13:12:07+01:00', 'shop': {'id': 61, 'name': 'Steam'}, 'deal': {'price': {'amount': 0, 'amountInt': 0, 'currency': 'USD'}, 'regular': {'amount': 0, 'amountInt': 0, 'currency': 'USD'}, 'cut': 0}}, {'timestamp': '2022-03-12T12:00:04+01:00', 'shop': {'id': 61, 'name': 'Steam'}, 'deal': {'price': {'amount': 0, 'amountInt': 0, 'currency': 'USD'}, 'regular': {'amount': 0, 'amountInt': 0, 'currency': 'USD'}, 'cut': 0}}, {'timestamp': '2022-03-12T11:12:03+01:00', 'shop': {'id': 61, 'name': 'Steam'}, 'deal': {'price': {'amount': 0, 'amountInt': 0, 'currency': 'USD'}, 'regular': {'amount': 0, 'amountInt': 0, 'currency': 'USD'}, 'cut': 0}}, {'timestamp': '2022-03-12T10:12:03+01:00', 'shop': {'id': 61, 'name': 'Steam'}, 'deal': {'price': {'amount': 0, 'amountInt': 0, 'currency': 'USD'}, 'regular': {'amount': 0, 'amountInt': 0, 'currency': 'USD'}, 'cut': 0}}, {'timestamp': '2022-03-12T09:12:08+01:00', 'shop': {'id': 61, 'name': 'Steam'}, 'deal': {'price': {'amount': 0, 'amountInt': 0, 'currency': 'USD'}, 'regular': {'amount': 0, 'amountInt': 0, 'currency': 'USD'}, 'cut': 0}}, {'timestamp': '2022-03-12T08:18:26+01:00', 'shop': {'id': 61, 'name': 'Steam'}, 'deal': {'price': {'amount': 0, 'amountInt': 0, 'currency': 'USD'}, 'regular': {'amount': 0, 'amountInt': 0, 'currency': 'USD'}, 'cut': 0}}, {'timestamp': '2022-03-12T07:00:06+01:00', 'shop': {'id': 61, 'name': 'Steam'}, 'deal': {'price': {'amount': 0, 'amountInt': 0, 'currency': 'USD'}, 'regular': {'amount': 0, 'amountInt': 0, 'currency': 'USD'}, 'cut': 0}}, {'timestamp': '2022-03-12T06:18:04+01:00', 'shop': {'id': 61, 'name': 'Steam'}, 'deal': {'price': {'amount': 0, 'amountInt': 0, 'currency': 'USD'}, 'regular': {'amount': 0, 'amountInt': 0, 'currency': 'USD'}, 'cut': 0}}, {'timestamp': '2022-03-12T05:00:14+01:00', 'shop': {'id': 61, 'name': 'Steam'}, 'deal': {'price': {'amount': 0, 'amountInt': 0, 'currency': 'USD'}, 'regular': {'amount': 0, 'amountInt': 0, 'currency': 'USD'}, 'cut': 0}}, {'timestamp': '2022-03-12T04:12:00+01:00', 'shop': {'id': 61, 'name': 'Steam'}, 'deal': {'price': {'amount': 0, 'amountInt': 0, 'currency': 'USD'}, 'regular': {'amount': 0, 'amountInt': 0, 'currency': 'USD'}, 'cut': 0}}, {'timestamp': '2022-03-12T03:06:02+01:00', 'shop': {'id': 61, 'name': 'Steam'}, 'deal': {'price': {'amount': 0, 'amountInt': 0, 'currency': 'USD'}, 'regular': {'amount': 0, 'amountInt': 0, 'currency': 'USD'}, 'cut': 0}}, {'timestamp': '2022-03-12T02:06:12+01:00', 'shop': {'id': 61, 'name': 'Steam'}, 'deal': {'price': {'amount': 0, 'amountInt': 0, 'currency': 'USD'}, 'regular': {'amount': 0, 'amountInt': 0, 'currency': 'USD'}, 'cut': 0}}, {'timestamp': '2022-03-12T01:12:16+01:00', 'shop': {'id': 61, 'name': 'Steam'}, 'deal': {'price': {'amount': 0, 'amountInt': 0, 'currency': 'USD'}, 'regular': {'amount': 0, 'amountInt': 0, 'currency': 'USD'}, 'cut': 0}}, {'timestamp': '2022-03-12T00:18:00+01:00', 'shop': {'id': 61, 'name': 'Steam'}, 'deal': {'price': {'amount': 0, 'amountInt': 0, 'currency': 'USD'}, 'regular': {'amount': 0, 'amountInt': 0, 'currency': 'USD'}, 'cut': 0}}, {'timestamp': '2022-03-11T23:06:19+01:00', 'shop': {'id': 61, 'name': 'Steam'}, 'deal': {'price': {'amount': 0, 'amountInt': 0, 'currency': 'USD'}, 'regular': {'amount': 0, 'amountInt': 0, 'currency': 'USD'}, 'cut': 0}}, {'timestamp': '2022-03-11T22:11:59+01:00', 'shop': {'id': 61, 'name': 'Steam'}, 'deal': {'price': {'amount': 0, 'amountInt': 0, 'currency': 'USD'}, 'regular': {'amount': 0, 'amountInt': 0, 'currency': 'USD'}, 'cut': 0}}, {'timestamp': '2022-03-11T21:00:09+01:00', 'shop': {'id': 61, 'name': 'Steam'}, 'deal': {'price': {'amount': 0, 'amountInt': 0, 'currency': 'USD'}, 'regular': {'amount': 0, 'amountInt': 0, 'currency': 'USD'}, 'cut': 0}}, {'timestamp': '2022-02-12T20:36:19+01:00', 'shop': {'id': 61, 'name': 'Steam'}, 'deal': {'price': {'amount': 0, 'amountInt': 0, 'currency': 'USD'}, 'regular': {'amount': 0, 'amountInt': 0, 'currency': 'USD'}, 'cut': 0}}, {'timestamp': '2022-02-12T20:12:49+01:00', 'shop': {'id': 61, 'name': 'Steam'}, 'deal': {'price': {'amount': 0, 'amountInt': 0, 'currency': 'USD'}, 'regular': {'amount': 0, 'amountInt': 0, 'currency': 'USD'}, 'cut': 0}}, {'timestamp': '2021-05-06T02:33:32+02:00', 'shop': {'id': 61, 'name': 'Steam'}, 'deal': {'price': {'amount': 0, 'amountInt': 0, 'currency': 'USD'}, 'regular': {'amount': 0, 'amountInt': 0, 'currency': 'USD'}, 'cut': 0}}, {'timestamp': '2016-11-23T01:45:41+01:00', 'shop': {'id': 61, 'name': 'Steam'}, 'deal': {'price': {'amount': 0, 'amountInt': 0, 'currency': 'USD'}, 'regular': {'amount': 0, 'amountInt': 0, 'currency': 'USD'}, 'cut': 0}}]"
018d937f-3a61-71d5-8e9c-9b50683a113c,"[{'timestamp': '2024-03-13T00:33:04+01:00', 'shop': {'id': 61, 'name': 'Steam'}, 'deal': {'price': {'amount': 0, 'amountInt': 0, 'currency': 'USD'}, 'regular': {'amount': 0, 'amountInt': 0, 'currency': 'USD'}, 'cut': 0}}, {'timestamp': '2022-03-20T20:03:45+01:00', 'shop': {'id': 61, 'name': 'Steam'}, 'deal': {'price': {'amount': 0, 'amountInt': 0, 'currency': 'USD'}, 'regular': {'amount': 0, 'amountInt': 0, 'currency': 'USD'}, 'cut': 0}}, {'timestamp': '2022-03-12T14:16:00+01:00', 'shop': {'id': 61, 'name': 'Steam'}, 'deal': {'price': {'amount': 0, 'amountInt': 0, 'currency': 'USD'}, 'regular': {'amount': 0, 'amountInt': 0, 'currency': 'USD'}, 'cut': 0}}, {'timestamp': '2022-03-12T14:04:19+01:00', 'shop': {'id': 61, 'name': 'Steam'}, 'deal': {'price': {'amount': 0, 'amountInt': 0, 'currency': 'USD'}, 'regular': {'amount': 0, 'amountInt': 0, 'currency': 'USD'}, 'cut': 0}}, {'timestamp': '2022-03-12T13:10:11+01:00', 'shop': {'id': 61, 'name': 'Steam'}, 'deal': {'price': {'amount': 0, 'amountInt': 0, 'currency': 'USD'}, 'regular': {'amount': 0, 'amountInt': 0, 'currency': 'USD'}, 'cut': 0}}, {'timestamp': '2022-03-12T12:04:17+01:00', 'shop': {'id': 61, 'name': 'Steam'}, 'deal': {'price': {'amount': 0, 'amountInt': 0, 'currency': 'USD'}, 'regular': {'amount': 0, 'amountInt': 0, 'currency': 'USD'}, 'cut': 0}}, {'timestamp': '2022-03-12T11:10:10+01:00', 'shop': {'id': 61, 'name': 'Steam'}, 'deal': {'price': {'amount': 0, 'amountInt': 0, 'currency': 'USD'}, 'regular': {'amount': 0, 'amountInt': 0, 'currency': 'USD'}, 'cut': 0}}, {'timestamp': '2022-03-12T10:10:11+01:00', 'shop': {'id': 61, 'name': 'Steam'}, 'deal': {'price': {'amount': 0, 'amountInt': 0, 'currency': 'USD'}, 'regular': {'amount': 0, 'amountInt': 0, 'currency': 'USD'}, 'cut': 0}}, {'timestamp': '2022-03-12T09:10:11+01:00', 'shop': {'id': 61, 'name': 'Steam'}, 'deal': {'price': {'amount': 0, 'amountInt': 0, 'currency': 'USD'}, 'regular': {'amount': 0, 'amountInt': 0, 'currency': 'USD'}, 'cut': 0}}, {'timestamp': '2022-03-12T08:16:22+01:00', 'shop': {'id': 61, 'name': 'Steam'}, 'deal': {'price': {'amount': 0, 'amountInt': 0, 'currency': 'USD'}, 'regular': {'amount': 0, 'amountInt': 0, 'currency': 'USD'}, 'cut': 0}}, {'timestamp': '2022-03-12T07:04:09+01:00', 'shop': {'id': 61, 'name': 'Steam'}, 'deal': {'price': {'amount': 0, 'amountInt': 0, 'currency': 'USD'}, 'regular': {'amount': 0, 'amountInt': 0, 'currency': 'USD'}, 'cut': 0}}, {'timestamp': '2022-03-12T06:16:08+01:00', 'shop': {'id': 61, 'name': 'Steam'}, 'deal': {'price': {'amount': 0, 'amountInt': 0, 'currency': 'USD'}, 'regular': {'amount': 0, 'amountInt': 0, 'currency': 'USD'}, 'cut': 0}}, {'timestamp': '2022-03-12T04:58:15+01:00', 'shop': {'id': 61, 'name': 'Steam'}, 'deal': {'price': {'amount': 0, 'amountInt': 0, 'currency': 'USD'}, 'regular': {'amount': 0, 'amountInt': 0, 'currency': 'USD'}, 'cut': 0}}, {'timestamp': '2022-03-12T04:16:20+01:00', 'shop': {'id': 61, 'name': 'Steam'}, 'deal': {'price': {'amount': 0, 'amountInt': 0, 'currency': 'USD'}, 'regular': {'amount': 0, 'amountInt': 0, 'currency': 'USD'}, 'cut': 0}}, {'timestamp': '2022-03-12T03:04:05+01:00', 'shop': {'id': 61, 'name': 'Steam'}, 'deal': {'price': {'amount': 0, 'amountInt': 0, 'currency': 'USD'}, 'regular': {'amount': 0, 'amountInt': 0, 'currency': 'USD'}, 'cut': 0}}, {'timestamp': '2022-03-12T02:10:15+01:00', 'shop': {'id': 61, 'name': 'Steam'}, 'deal': {'price': {'amount': 0, 'amountInt': 0, 'currency': 'USD'}, 'regular': {'amount': 0, 'amountInt': 0, 'currency': 'USD'}, 'cut': 0}}, {'timestamp': '2022-03-12T01:16:18+01:00', 'shop': {'id': 61, 'name': 'Steam'}, 'deal': {'price': {'amount': 0, 'amountInt': 0, 'currency': 'USD'}, 'regular': {'amount': 0, 'amountInt': 0, 'currency': 'USD'}, 'cut': 0}}, {'timestamp': '2022-03-12T00:16:06+01:00', 'shop': {'id': 61, 'name': 'Steam'}, 'deal': {'price': {'amount': 0, 'amountInt': 0, 'currency': 'USD'}, 'regular': {'amount': 0, 'amountInt': 0, 'currency': 'USD'}, 'cut': 0}}, {'timestamp': '2022-03-11T23:04:19+01:00', 'shop': {'id': 61, 'name': 'Steam'}, 'deal': {'price': {'amount': 0, 'amountInt': 0, 'currency': 'USD'}, 'regular': {'amount': 0, 'amountInt': 0, 'currency': 'USD'}, 'cut': 0}}, {'timestamp': '2022-03-11T22:10:02+01:00', 'shop': {'id': 61, 'name': 'Steam'}, 'deal': {'price': {'amount': 0, 'amountInt': 0, 'currency': 'USD'}, 'regular': {'amount': 0, 'amountInt': 0, 'currency': 'USD'}, 'cut': 0}}, {'timestamp': '2022-03-11T21:04:07+01:00', 'shop': {'id': 61, 'name': 'Steam'}, 'deal': {'price': {'amount': 0, 'amountInt': 0, 'currency': 'USD'}, 'regular': {'amount': 0, 'amountInt': 0, 'currency': 'USD'}, 'cut': 0}}, {'timestamp': '2022-03-11T20:04:00+01:00', 'shop': {'id': 61, 'name': 'Steam'}, 'deal': {'price': {'amount': 0, 'amountInt': 0, 'currency': 'USD'}, 'regular': {'amount': 0, 'amountInt': 0, 'currency': 'USD'}, 'cut': 0}}, {'timestamp': '2022-02-12T20:33:43+01:00', 'shop': {'id': 61, 'name': 'Steam'}, 'deal': {'price': {'amount': 0, 'amountInt': 0, 'currency': 'USD'}, 'regular': {'amount': 0, 'amountInt': 0, 'currency': 'USD'}, 'cut': 0}}, {'timestamp': '2022-02-12T20:15:41+01:00', 'shop': {'id': 61, 'name': 'Steam'}, 'deal': {'price': {'amount': 0, 'amountInt': 0, 'currency': 'USD'}, 'regular': {'amount': 0, 'amountInt': 0, 'currency': 'USD'}, 'cut': 0}}, {'timestamp': '2021-05-06T01:48:12+02:00', 'shop': {'id': 61, 'name': 'Steam'}, 'deal': {'price': {'amount': 0, 'amountInt': 0, 'currency': 'USD'}, 'regular': {'amount': 0, 'amountInt': 0, 'currency': 'USD'}, 'cut': 0}}, {'timestamp': '2021-03-27T10:59:25+01:00', 'shop': {'id': 61, 'name': 'Steam'}, 'deal': {'price': {'amount': 0, 'amountInt': 0, 'currency': 'USD'}, 'regular': {'amount': 0, 'amountInt': 0, 'currency': 'USD'}, 'cut': 0}}, {'timestamp': '2016-07-07T03:35:05+02:00', 'shop': {'id': 61, 'name': 'Steam'}, 'deal': {'price': {'amount': 0, 'amountInt': 0, 'currency': 'USD'}, 'regular': {'amount': 0, 'amountInt': 0, 'currency': 'USD'}, 'cut': 0}}, {'timestamp': '2014-11-04T22:22:50+01:00', 'shop': {'id': 61, 'name': 'Steam'}, 'deal': {'price': {'amount': 0, 'amountInt': 0, 'currency': 'USD'}, 'regular': {'amount': 0, 'amountInt': 0, 'currency': 'USD'}, 'cut': 0}}]"
018d937f-1577-721a-8dd2-e48134e05005,"[{'timestamp': '2024-02-11T02:48:41+01:00', 'shop': {'id': 61, 'name': 'Steam'}, 'deal': {'price': {'amount': 0, 'amountInt': 0, 'currency': 'USD'}, 'regular': {'amount': 0, 'amountInt': 0, 'currency': 'USD'}, 'cut': 0}}, {'timestamp': '2022-03-20T20:04:23+01:00', 'shop': {'id': 61, 'name': 'Steam'}, 'deal': {'price': {'amount': 0, 'amountInt': 0, 'currency': 'USD'}, 'regular': {'amount': 0, 'amountInt': 0, 'currency': 'USD'}, 'cut': 0}}, {'timestamp': '2022-03-12T14:16:00+01:00', 'shop': {'id': 61, 'name': 'Steam'}, 'deal': {'price': {'amount': 0, 'amountInt': 0, 'currency': 'USD'}, 'regular': {'amount': 0, 'amountInt': 0, 'currency': 'USD'}, 'cut': 0}}, {'timestamp': '2022-03-12T14:04:55+01:00', 'shop': {'id': 61, 'name': 'Steam'}, 'deal': {'price': {'amount': 0, 'amountInt': 0, 'currency': 'USD'}, 'regular': {'amount': 0, 'amountInt': 0, 'currency': 'USD'}, 'cut': 0}}, {'timestamp': '2022-03-12T13:10:46+01:00', 'shop': {'id': 61, 'name': 'Steam'}, 'deal': {'price': {'amount': 0, 'amountInt': 0, 'currency': 'USD'}, 'regular': {'amount': 0, 'amountInt': 0, 'currency': 'USD'}, 'cut': 0}}, {'timestamp': '2022-03-12T12:04:52+01:00', 'shop': {'id': 61, 'name': 'Steam'}, 'deal': {'price': {'amount': 0, 'amountInt': 0, 'currency': 'USD'}, 'regular': {'amount': 0, 'amountInt': 0, 'currency': 'USD'}, 'cut': 0}}, {'timestamp': '2022-03-12T11:10:43+01:00', 'shop': {'id': 61, 'name': 'Steam'}, 'deal': {'price': {'amount': 0, 'amountInt': 0, 'currency': 'USD'}, 'regular': {'amount': 0, 'amountInt': 0, 'currency': 'USD'}, 'cut': 0}}, {'timestamp': '2022-03-12T10:10:45+01:00', 'shop': {'id': 61, 'name': 'Steam'}, 'deal': {'price': {'amount': 0, 'amountInt': 0, 'currency': 'USD'}, 'regular': {'amount': 0, 'amountInt': 0, 'currency': 'USD'}, 'cut': 0}}, {'timestamp': '2022-03-12T09:10:46+01:00', 'shop': {'id': 61, 'name': 'Steam'}, 'deal': {'price': {'amount': 0, 'amountInt': 0, 'currency': 'USD'}, 'regular': {'amount': 0, 'amountInt': 0, 'currency': 'USD'}, 'cut': 0}}, {'timestamp': '2022-03-12T08:17:00+01:00', 'shop': {'id': 61, 'name': 'Steam'}, 'deal': {'price': {'amount': 0, 'amountInt': 0, 'currency': 'USD'}, 'regular': {'amount': 0, 'amountInt': 0, 'currency': 'USD'}, 'cut': 0}}, {'timestamp': '2022-03-12T07:04:42+01:00', 'shop': {'id': 61, 'name': 'Steam'}, 'deal': {'price': {'amount': 0, 'amountInt': 0, 'currency': 'USD'}, 'regular': {'amount': 0, 'amountInt': 0, 'currency': 'USD'}, 'cut': 0}}, {'timestamp': '2022-03-12T06:16:43+01:00', 'shop': {'id': 61, 'name': 'Steam'}, 'deal': {'price': {'amount': 0, 'amountInt': 0, 'currency': 'USD'}, 'regular': {'amount': 0, 'amountInt': 0, 'currency': 'USD'}, 'cut': 0}}, {'timestamp': '2022-03-12T04:58:49+01:00', 'shop': {'id': 61, 'name': 'Steam'}, 'deal': {'price': {'amount': 0, 'amountInt': 0, 'currency': 'USD'}, 'regular': {'amount': 0, 'amountInt': 0, 'currency': 'USD'}, 'cut': 0}}, {'timestamp': '2022-03-12T04:16:53+01:00', 'shop': {'id': 61, 'name': 'Steam'}, 'deal': {'price': {'amount': 0, 'amountInt': 0, 'currency': 'USD'}, 'regular': {'amount': 0, 'amountInt': 0, 'currency': 'USD'}, 'cut': 0}}, {'timestamp': '2022-03-12T03:04:39+01:00', 'shop': {'id': 61, 'name': 'Steam'}, 'deal': {'price': {'amount': 0, 'amountInt': 0, 'currency': 'USD'}, 'regular': {'amount': 0, 'amountInt': 0, 'currency': 'USD'}, 'cut': 0}}, {'timestamp': '2022-03-12T02:10:50+01:00', 'shop': {'id': 61, 'name': 'Steam'}, 'deal': {'price': {'amount': 0, 'amountInt': 0, 'currency': 'USD'}, 'regular': {'amount': 0, 'amountInt': 0, 'currency': 'USD'}, 'cut': 0}}, {'timestamp': '2022-03-12T01:10:54+01:00', 'shop': {'id': 61, 'name': 'Steam'}, 'deal': {'price': {'amount': 0, 'amountInt': 0, 'currency': 'USD'}, 'regular': {'amount': 0, 'amountInt': 0, 'currency': 'USD'}, 'cut': 0}}, {'timestamp': '2022-03-12T00:16:39+01:00', 'shop': {'id': 61, 'name': 'Steam'}, 'deal': {'price': {'amount': 0, 'amountInt': 0, 'currency': 'USD'}, 'regular': {'amount': 0, 'amountInt': 0, 'currency': 'USD'}, 'cut': 0}}, {'timestamp': '2022-03-11T23:04:56+01:00', 'shop': {'id': 61, 'name': 'Steam'}, 'deal': {'price': {'amount': 0, 'amountInt': 0, 'currency': 'USD'}, 'regular': {'amount': 0, 'amountInt': 0, 'currency': 'USD'}, 'cut': 0}}, {'timestamp': '2022-03-11T22:10:38+01:00', 'shop': {'id': 61, 'name': 'Steam'}, 'deal': {'price': {'amount': 0, 'amountInt': 0, 'currency': 'USD'}, 'regular': {'amount': 0, 'amountInt': 0, 'currency': 'USD'}, 'cut': 0}}, {'timestamp': '2022-03-11T21:04:43+01:00', 'shop': {'id': 61, 'name': 'Steam'}, 'deal': {'price': {'amount': 0, 'amountInt': 0, 'currency': 'USD'}, 'regular': {'amount': 0, 'amountInt': 0, 'currency': 'USD'}, 'cut': 0}}, {'timestamp': '2022-02-12T20:34:36+01:00', 'shop': {'id': 61, 'name': 'Steam'}, 'deal': {'price': {'amount': 0, 'amountInt': 0, 'currency': 'USD'}, 'regular': {'amount': 0, 'amountInt': 0, 'currency': 'USD'}, 'cut': 0}}, {'timestamp': '2022-02-12T20:16:23+01:00', 'shop': {'id': 61, 'name': 'Steam'}, 'deal': {'price': {'amount': 0, 'amountInt': 0, 'currency': 'USD'}, 'regular': {'amount': 0, 'amountInt': 0, 'currency': 'USD'}, 'cut': 0}}, {'timestamp': '2021-05-06T02:03:15+02:00', 'shop': {'id': 61, 'name': 'Steam'}, 'deal': {'price': {'amount': 0, 'amountInt': 0, 'currency': 'USD'}, 'regular': {'amount': 0, 'amountInt': 0, 'currency': 'USD'}, 'cut': 0}}, {'timestamp': '2018-04-29T23:49:59+02:00', 'shop': {'id': 61, 'name': 'Steam'}, 'deal': {'price': {'amount': 0, 'amountInt': 0, 'currency': 'USD'}, 'regular': {'amount': 0, 'amountInt': 0, 'currency': 'USD'}, 'cut': 0}}, {'timestamp': '2017-07-28T03:15:39+02:00', 'shop': {'id': 61, 'name': 'Steam'}, 'deal': {'price': {'amount': 0, 'amountInt': 0, 'currency': 'USD'}, 'regular': {'amount': 0, 'amountInt': 0, 'currency': 'USD'}, 'cut': 0}}]"
018d937f-0990-729f-99f8-08da754a7173,"[{'timestamp': '2024-02-11T04:52:22+01:00', 'shop': {'id': 61, 'name': 'Steam'}, 'deal': {'price': {'amount': 0, 'amountInt': 0, 'currency': 'USD'}, 'regular': {'amount': 0, 'amountInt': 0, 'currency': 'USD'}, 'cut': 0}}, {'timestamp': '2022-03-20T20:10:05+01:00', 'shop': {'id': 61, 'name': 'Steam'}, 'deal': {'price': {'amount': 0, 'amountInt': 0, 'currency': 'USD'}, 'regular': {'amount': 0, 'amountInt': 0, 'currency': 'USD'}, 'cut': 0}}, {'timestamp': '2022-03-12T14:16:00+01:00', 'shop': {'id': 61, 'name': 'Steam'}, 'deal': {'price': {'amount': 0, 'amountInt': 0, 'currency': 'USD'}, 'regular': {'amount': 0, 'amountInt': 0, 'currency': 'USD'}, 'cut': 0}}, {'timestamp': '2022-02-12T20:39:30+01:00', 'shop': {'id': 61, 'name': 'Steam'}, 'deal': {'price': {'amount': 0, 'amountInt': 0, 'currency': 'USD'}, 'regular': {'amount': 0, 'amountInt': 0, 'currency': 'USD'}, 'cut': 0}}, {'timestamp': '2021-05-06T02:18:41+02:00', 'shop': {'id': 61, 'name': 'Steam'}, 'deal': {'price': {'amount': 0, 'amountInt': 0, 'currency': 'USD'}, 'regular': {'amount': 0, 'amountInt': 0, 'currency': 'USD'}, 'cut': 0}}, {'timestamp': '2021-03-27T12:16:13+01:00', 'shop': {'id': 61, 'name': 'Steam'}, 'deal': {'price': {'amount': 0, 'amountInt': 0, 'currency': 'USD'}, 'regular': {'amount': 0, 'amountInt': 0, 'currency': 'USD'}, 'cut': 0}}, {'timestamp': '2017-10-07T11:45:25+02:00', 'shop': {'id': 61, 'name': 'Steam'}, 'deal': {'price': {'amount': 0, 'amountInt': 0, 'currency': 'USD'}, 'regular': {'amount': 0, 'amountInt': 0, 'currency': 'USD'}, 'cut': 0}}]"
018d937e-ea1c-71e7-9b12-dd4a7c394475,"[{'timestamp': '2024-07-11T19:54:11+02:00', 'shop': {'id': 61, 'name': 'Steam'}, 'deal': {'price': {'amount': 59.99, 'amountInt': 5999, 'currency': 'USD'}, 'regular': {'amount': 59.99, 'amountInt': 5999, 'currency': 'USD'}, 'cut': 0}}, {'timestamp': '2024-06-27T19:28:19+02:00', 'shop': {'id': 61, 'name': 'Steam'}, 'deal': {'price': {'amount': 20.39, 'amountInt': 2039, 'currency': 'USD'}, 'regular': {'amount': 59.99, 'amountInt': 5999, 'currency': 'USD'}, 'cut': 66}}, {'timestamp': '2024-05-09T19:15:55+02:00', 'shop': {'id': 61, 'name': 'Steam'}, 'deal': {'price': {'amount': 59.99, 'amountInt': 5999, 'currency': 'USD'}, 'regular': {'amount': 59.99, 'amountInt': 5999, 'currency': 'USD'}, 'cut': 0}}, {'timestamp': '2024-05-02T19:18:20+02:00', 'shop': {'id': 61, 'name': 'Steam'}, 'deal': {'price': {'amount': 20.39, 'amountInt': 2039, 'currency': 'USD'}, 'regular': {'amount': 59.99, 'amountInt': 5999, 'currency': 'USD'}, 'cut': 66}}, {'timestamp': '2024-03-21T18:30:45+01:00', 'shop': {'id': 61, 'name': 'Steam'}, 'deal': {'price': {'amount': 59.99, 'amountInt': 5999, 'currency': 'USD'}, 'regular': {'amount': 59.99, 'amountInt': 5999, 'currency': 'USD'}, 'cut': 0}}, {'timestamp': '2024-03-14T18:37:42+01:00', 'shop': {'id': 61, 'name': 'Steam'}, 'deal': {'price': {'amount': 20.39, 'amountInt': 2039, 'currency': 'USD'}, 'regular': {'amount': 59.99, 'amountInt': 5999, 'currency': 'USD'}, 'cut': 66}}, {'timestamp': '2024-02-15T19:18:49+01:00', 'shop': {'id': 61, 'name': 'Steam'}, 'deal': {'price': {'amount': 59.99, 'amountInt': 5999, 'currency': 'USD'}, 'regular': {'amount': 59.99, 'amountInt': 5999, 'currency': 'USD'}, 'cut': 0}}, {'timestamp': '2024-02-11T05:23:27+01:00', 'shop': {'id': 61, 'name': 'Steam'}, 'deal': {'price': {'amount': 20.39, 'amountInt': 2039, 'currency': 'USD'}, 'regular': {'amount': 59.99, 'amountInt': 5999, 'currency': 'USD'}, 'cut': 66}}, {'timestamp': '2024-02-06T19:20:07+01:00', 'shop': {'id': 61, 'name': 'Steam'}, 'deal': {'price': {'amount': 20.39, 'amountInt': 2039, 'currency': 'USD'}, 'regular': {'amount': 59.99, 'amountInt': 5999, 'currency': 'USD'}, 'cut': 66}}, {'timestamp': '2024-01-04T20:21:43+01:00', 'shop': {'id': 61, 'name': 'Steam'}, 'deal': {'price': {'amount': 59.99, 'amountInt': 5999, 'currency': 'USD'}, 'regular': {'amount': 59.99, 'amountInt': 5999, 'currency': 'USD'}, 'cut': 0}}, {'timestamp': '2023-12-21T20:53:43+01:00', 'shop': {'id': 61, 'name': 'Steam'}, 'deal': {'price': {'amount': 20.39, 'amountInt': 2039, 'currency': 'USD'}, 'regular': {'amount': 59.99, 'amountInt': 5999, 'currency': 'USD'}, 'cut': 66}}, {'timestamp': '2023-11-28T20:44:11+01:00', 'shop': {'id': 61, 'name': 'Steam'}, 'deal': {'price': {'amount': 59.99, 'amountInt': 5999, 'currency': 'USD'}, 'regular': {'amount': 59.99, 'amountInt': 5999, 'currency': 'USD'}, 'cut': 0}}, {'timestamp': '2023-11-21T20:33:26+01:00', 'shop': {'id': 61, 'name': 'Steam'}, 'deal': {'price': {'amount': 20.39, 'amountInt': 2039, 'currency': 'USD'}, 'regular': {'amount': 59.99, 'amountInt': 5999, 'currency': 'USD'}, 'cut': 66}}, {'timestamp': '2023-09-21T19:18:37+02:00', 'shop': {'id': 61, 'name': 'Steam'}, 'deal': {'price': {'amount': 59.99, 'amountInt': 5999, 'currency': 'USD'}, 'regular': {'amount': 59.99, 'amountInt': 5999, 'currency': 'USD'}, 'cut': 0}}, {'timestamp': '2023-09-14T19:08:20+02:00', 'shop': {'id': 61, 'name': 'Steam'}, 'deal': {'price': {'amount': 20.39, 'amountInt': 2039, 'currency': 'USD'}, 'regular': {'amount': 59.99, 'amountInt': 5999, 'currency': 'USD'}, 'cut': 66}}, {'timestamp': '2023-07-27T19:03:23+02:00', 'shop': {'id': 61, 'name': 'Steam'}, 'deal': {'price': {'amount': 59.99, 'amountInt': 5999, 'currency': 'USD'}, 'regular': {'amount': 59.99, 'amountInt': 5999, 'currency': 'USD'}, 'cut': 0}}, {'timestamp': '2023-07-20T19:20:01+02:00', 'shop': {'id': 61, 'name': 'Steam'}, 'deal': {'price': {'amount': 20.39, 'amountInt': 2039, 'currency': 'USD'}, 'regular': {'amount': 59.99, 'amountInt': 5999, 'currency': 'USD'}, 'cut': 66}}, {'timestamp': '2023-07-13T20:51:45+02:00', 'shop': {'id': 61, 'name': 'Steam'}, 'deal': {'price': {'amount': 59.99, 'amountInt': 5999, 'currency': 'USD'}, 'regular': {'amount': 59.99, 'amountInt': 5999, 'currency': 'USD'}, 'cut': 0}}, {'timestamp': '2023-06-29T21:16:54+02:00', 'shop': {'id': 61, 'name': 'Steam'}, 'deal': {'price': {'amount': 20.39, 'amountInt': 2039, 'currency': 'USD'}, 'regular': {'amount': 59.99, 'amountInt': 5999, 'currency': 'USD'}, 'cut': 66}}, {'timestamp': '2023-03-23T22:53:28+01:00', 'shop': {'id': 61, 'name': 'Steam'}, 'deal': {'price': {'amount': 59.99, 'amountInt': 5999, 'currency': 'USD'}, 'regular': {'amount': 59.99, 'amountInt': 5999, 'currency': 'USD'}, 'cut': 0}}, {'timestamp': '2023-03-16T19:38:05+01:00', 'shop': {'id': 61, 'name': 'Steam'}, 'deal': {'price': {'amount': 20.39, 'amountInt': 2039, 'currency': 'USD'}, 'regular': {'amount': 59.99, 'amountInt': 5999, 'currency': 'USD'}, 'cut': 66}}, {'timestamp': '2023-01-23T19:06:51+01:00', 'shop': {'id': 61, 'name': 'Steam'}, 'deal': {'price': {'amount': 59.99, 'amountInt': 5999, 'currency': 'USD'}, 'regular': {'amount': 59.99, 'amountInt': 5999, 'currency': 'USD'}, 'cut': 0}}, {'timestamp': '2023-01-18T19:18:54+01:00', 'shop': {'id': 61, 'name': 'Steam'}, 'deal': {'price': {'amount': 20.39, 'amountInt': 2039, 'currency': 'USD'}, 'regular': {'amount': 59.99, 'amountInt': 5999, 'currency': 'USD'}, 'cut': 66}}, {'timestamp': '2023-01-05T22:56:00+01:00', 'shop': {'id': 61, 'name': 'Steam'}, 'deal': {'price': {'amount': 59.99, 'amountInt': 5999, 'currency': 'USD'}, 'regular': {'amount': 59.99, 'amountInt': 5999, 'currency': 'USD'}, 'cut': 0}}, {'timestamp': '2022-12-22T19:54:38+01:00', 'shop': {'id': 61, 'name': 'Steam'}, 'deal': {'price': {'amount': 20.39, 'amountInt': 2039, 'currency': 'USD'}, 'regular': {'amount': 59.99, 'amountInt': 5999, 'currency': 'USD'}, 'cut': 66}}, {'timestamp': '2022-11-29T20:53:34+01:00', 'shop': {'id': 61, 'name': 'Steam'}, 'deal': {'price': {'amount': 59.99, 'amountInt': 5999, 'currency': 'USD'}, 'regular': {'amount': 59.99, 'amountInt': 5999, 'currency': 'USD'}, 'cut': 0}}, {'timestamp': '2022-11-22T23:23:09+01:00', 'shop': {'id': 61, 'name': 'Steam'}, 'deal': {'price': {'amount': 20.39, 'amountInt': 2039, 'currency': 'USD'}, 'regular': {'amount': 59.99, 'amountInt': 5999, 'currency': 'USD'}, 'cut': 66}}, {'timestamp': '2022-10-13T20:07:52+02:00', 'shop': {'id': 61, 'name': 'Steam'}, 'deal': {'price': {'amount': 59.99, 'amountInt': 5999, 'currency': 'USD'}, 'regular': {'amount': 59.99, 'amountInt': 5999, 'currency': 'USD'}, 'cut': 0}}, {'timestamp': '2022-10-06T19:15:41+02:00', 'shop': {'id': 61, 'name': 'Steam'}, 'deal': {'price': {'amount': 20.39, 'amountInt': 2039, 'currency': 'USD'}, 'regular': {'amount': 59.99, 'amountInt': 5999, 'currency': 'USD'}, 'cut': 66}}, {'timestamp': '2022-07-07T21:06:16+02:00', 'shop': {'id': 61, 'name': 'Steam'}, 'deal': {'price': {'amount': 59.99, 'amountInt': 5999, 'currency': 'USD'}, 'regular': {'amount': 59.99, 'amountInt': 5999, 'currency': 'USD'}, 'cut': 0}}, {'timestamp': '2022-06-24T00:36:10+02:00', 'shop': {'id': 61, 'name': 'Steam'}, 'deal': {'price': {'amount': 29.99, 'amountInt': 2999, 'currency': 'USD'}, 'regular': {'amount': 59.99, 'amountInt': 5999, 'currency': 'USD'}, 'cut': 50}}, {'timestamp': '2022-05-16T19:38:08+02:00', 'shop': {'id': 61, 'name': 'Steam'}, 'deal': {'price': {'amount': 59.99, 'amountInt': 5999, 'currency': 'USD'}, 'regular': {'amount': 59.99, 'amountInt': 5999, 'currency': 'USD'}, 'cut': 0}}, {'timestamp': '2022-05-12T19:09:24+02:00', 'shop': {'id': 61, 'name': 'Steam'}, 'deal': {'price': {'amount': 29.99, 'amountInt': 2999, 'currency': 'USD'}, 'regular': {'amount': 59.99, 'amountInt': 5999, 'currency': 'USD'}, 'cut': 50}}, {'timestamp': '2022-02-03T20:45:43+01:00', 'shop': {'id': 61, 'name': 'Steam'}, 'deal': {'price': {'amount': 59.99, 'amountInt': 5999, 'currency': 'USD'}, 'regular': {'amount': 59.99, 'amountInt': 5999, 'currency': 'USD'}, 'cut': 0}}, {'timestamp': '2022-01-27T20:39:40+01:00', 'shop': {'id': 61, 'name': 'Steam'}, 'deal': {'price': {'amount': 29.99, 'amountInt': 2999, 'currency': 'USD'}, 'regular': {'amount': 59.99, 'amountInt': 5999, 'currency': 'USD'}, 'cut': 50}}, {'timestamp': '2022-01-05T21:06:41+01:00', 'shop': {'id': 61, 'name': 'Steam'}, 'deal': {'price': {'amount': 59.99, 'amountInt': 5999, 'currency': 'USD'}, 'regular': {'amount': 59.99, 'amountInt': 5999, 'currency': 'USD'}, 'cut': 0}}, {'timestamp': '2021-12-22T23:46:00+01:00', 'shop': {'id': 61, 'name': 'Steam'}, 'deal': {'price': {'amount': 35.99, 'amountInt': 3599, 'currency': 'USD'}, 'regular': {'amount': 59.99, 'amountInt': 5999, 'currency': 'USD'}, 'cut': 40}}, {'timestamp': '2021-12-01T20:40:29+01:00', 'shop': {'id': 61, 'name': 'Steam'}, 'deal': {'price': {'amount': 59.99, 'amountInt': 5999, 'currency': 'USD'}, 'regular': {'amount': 59.99, 'amountInt': 5999, 'currency': 'USD'}, 'cut': 0}}, {'timestamp': '2021-11-24T22:06:36+01:00', 'shop': {'id': 61, 'name': 'Steam'}, 'deal': {'price': {'amount': 35.99, 'amountInt': 3599, 'currency': 'USD'}, 'regular': {'amount': 59.99, 'amountInt': 5999, 'currency': 'USD'}, 'cut': 40}}, {'timestamp': '2021-09-30T19:20:33+02:00', 'shop': {'id': 61, 'name': 'Steam'}, 'deal': {'price': {'amount': 59.99, 'amountInt': 5999, 'currency': 'USD'}, 'regular': {'amount': 59.99, 'amountInt': 5999, 'currency': 'USD'}, 'cut': 0}}, {'timestamp': '2021-09-23T19:22:34+02:00', 'shop': {'id': 61, 'name': 'Steam'}, 'deal': {'price': {'amount': 35.99, 'amountInt': 3599, 'currency': 'USD'}, 'regular': {'amount': 59.99, 'amountInt': 5999, 'currency': 'USD'}, 'cut': 40}}, {'timestamp': '2021-07-08T21:05:10+02:00', 'shop': {'id': 61, 'name': 'Steam'}, 'deal': {'price': {'amount': 59.99, 'amountInt': 5999, 'currency': 'USD'}, 'regular': {'amount': 59.99, 'amountInt': 5999, 'currency': 'USD'}, 'cut': 0}}, {'timestamp': '2021-06-24T23:26:05+02:00', 'shop': {'id': 61, 'name': 'Steam'}, 'deal': {'price': {'amount': 29.99, 'amountInt': 2999, 'currency': 'USD'}, 'regular': {'amount': 59.99, 'amountInt': 5999, 'currency': 'USD'}, 'cut': 50}}, {'timestamp': '2021-05-17T19:25:21+02:00', 'shop': {'id': 61, 'name': 'Steam'}, 'deal': {'price': {'amount': 59.99, 'amountInt': 5999, 'currency': 'USD'}, 'regular': {'amount': 59.99, 'amountInt': 5999, 'currency': 'USD'}, 'cut': 0}}, {'timestamp': '2021-05-13T19:18:34+02:00', 'shop': {'id': 61, 'name': 'Steam'}, 'deal': {'price': {'amount': 29.99, 'amountInt': 2999, 'currency': 'USD'}, 'regular': {'amount': 59.99, 'amountInt': 5999, 'currency': 'USD'}, 'cut': 50}}, {'timestamp': '2021-03-27T12:31:09+01:00', 'shop': {'id': 61, 'name': 'Steam'}, 'deal': {'price': {'amount': 59.99, 'amountInt': 5999, 'currency': 'USD'}, 'regular': {'amount': 59.99, 'amountInt': 5999, 'currency': 'USD'}, 'cut': 0}}, {'timestamp': '2021-02-15T19:35:15+01:00', 'shop': {'id': 61, 'name': 'Steam'}, 'deal': {'price': {'amount': 59.99, 'amountInt': 5999, 'currency': 'USD'}, 'regular': {'amount': 59.99, 'amountInt': 5999, 'currency': 'USD'}, 'cut': 0}}, {'timestamp': '2021-02-11T20:01:43+01:00', 'shop': {'id': 61, 'name': 'Steam'}, 'deal': {'price': {'amount': 29.99, 'amountInt': 2999, 'currency': 'USD'}, 'regular': {'amount': 59.99, 'amountInt': 5999, 'currency': 'USD'}, 'cut': 50}}, {'timestamp': '2021-01-05T19:51:06+01:00', 'shop': {'id': 61, 'name': 'Steam'}, 'deal': {'price': {'amount': 59.99, 'amountInt': 5999, 'currency': 'USD'}, 'regular': {'amount': 59.99, 'amountInt': 5999, 'currency': 'USD'}, 'cut': 0}}, {'timestamp': '2020-12-22T20:04:40+01:00', 'shop': {'id': 61, 'name': 'Steam'}, 'deal': {'price': {'amount': 29.99, 'amountInt': 2999, 'currency': 'USD'}, 'regular': {'amount': 59.99, 'amountInt': 5999, 'currency': 'USD'}, 'cut': 50}}, {'timestamp': '2020-12-01T19:23:39+01:00', 'shop': {'id': 61, 'name': 'Steam'}, 'deal': {'price': {'amount': 59.99, 'amountInt': 5999, 'currency': 'USD'}, 'regular': {'amount': 59.99, 'amountInt': 5999, 'currency': 'USD'}, 'cut': 0}}, {'timestamp': '2020-11-25T19:34:10+01:00', 'shop': {'id': 61, 'name': 'Steam'}, 'deal': {'price': {'amount': 40.19, 'amountInt': 4019, 'currency': 'USD'}, 'regular': {'amount': 59.99, 'amountInt': 5999, 'currency': 'USD'}, 'cut': 33}}, {'timestamp': '2020-10-19T19:21:32+02:00', 'shop': {'id': 61, 'name': 'Steam'}, 'deal': {'price': {'amount': 59.99, 'amountInt': 5999, 'currency': 'USD'}, 'regular': {'amount': 59.99, 'amountInt': 5999, 'currency': 'USD'}, 'cut': 0}}, {'timestamp': '2020-10-09T19:21:17+02:00', 'shop': {'id': 61, 'name': 'Steam'}, 'deal': {'price': {'amount': 40.19, 'amountInt': 4019, 'currency': 'USD'}, 'regular': {'amount': 59.99, 'amountInt': 5999, 'currency': 'USD'}, 'cut': 33}}, {'timestamp': '2020-09-17T20:21:22+02:00', 'shop': {'id': 61, 'name': 'Steam'}, 'deal': {'price': {'amount': 59.99, 'amountInt': 5999, 'currency': 'USD'}, 'regular': {'amount': 59.99, 'amountInt': 5999, 'currency': 'USD'}, 'cut': 0}}, {'timestamp': '2020-09-10T19:21:21+02:00', 'shop': {'id': 61, 'name': 'Steam'}, 'deal': {'price': {'amount': 40.19, 'amountInt': 4019, 'currency': 'USD'}, 'regular': {'amount': 59.99, 'amountInt': 5999, 'currency': 'USD'}, 'cut': 33}}, {'timestamp': '2020-07-09T19:24:09+02:00', 'shop': {'id': 61, 'name': 'Steam'}, 'deal': {'price': {'amount': 59.99, 'amountInt': 5999, 'currency': 'USD'}, 'regular': {'amount': 59.99, 'amountInt': 5999, 'currency': 'USD'}, 'cut': 0}}, {'timestamp': '2020-06-25T20:28:30+02:00', 'shop': {'id': 61, 'name': 'Steam'}, 'deal': {'price': {'amount': 44.99, 'amountInt': 4499, 'currency': 'USD'}, 'regular': {'amount': 59.99, 'amountInt': 5999, 'currency': 'USD'}, 'cut': 25}}, {'timestamp': '2020-04-06T19:22:34+02:00', 'shop': {'id': 61, 'name': 'Steam'}, 'deal': {'price': {'amount': 59.99, 'amountInt': 5999, 'currency': 'USD'}, 'regular': {'amount': 59.99, 'amountInt': 5999, 'currency': 'USD'}, 'cut': 0}}, {'timestamp': '2020-04-01T19:21:24+02:00', 'shop': {'id': 61, 'name': 'Steam'}, 'deal': {'price': {'amount': 44.99, 'amountInt': 4499, 'currency': 'USD'}, 'regular': {'amount': 59.99, 'amountInt': 5999, 'currency': 'USD'}, 'cut': 25}}, {'timestamp': '2020-01-27T19:30:03+01:00', 'shop': {'id': 61, 'name': 'Steam'}, 'deal': {'price': {'amount': 59.99, 'amountInt': 5999, 'currency': 'USD'}, 'regular': {'amount': 59.99, 'amountInt': 5999, 'currency': 'USD'}, 'cut': 0}}, {'timestamp': '2020-01-23T19:24:17+01:00', 'shop': {'id': 61, 'name': 'Steam'}, 'deal': {'price': {'amount': 44.99, 'amountInt': 4499, 'currency': 'USD'}, 'regular': {'amount': 59.99, 'amountInt': 5999, 'currency': 'USD'}, 'cut': 25}}, {'timestamp': '2020-01-02T19:41:27+01:00', 'shop': {'id': 61, 'name': 'Steam'}, 'deal': {'price': {'amount': 59.99, 'amountInt': 5999, 'currency': 'USD'}, 'regular': {'amount': 59.99, 'amountInt': 5999, 'currency': 'USD'}, 'cut': 0}}, {'timestamp': '2019-12-19T19:30:54+01:00', 'shop': {'id': 61, 'name': 'Steam'}, 'deal': {'price': {'amount': 47.99, 'amountInt': 4799, 'currency': 'USD'}, 'regular': {'amount': 59.99, 'amountInt': 5999, 'currency': 'USD'}, 'cut': 20}}, {'timestamp': '2019-12-14T19:21:11+01:00', 'shop': {'id': 61, 'name': 'Steam'}, 'deal': {'price': {'amount': 59.99, 'amountInt': 5999, 'currency': 'USD'}, 'regular': {'amount': 59.99, 'amountInt': 5999, 'currency': 'USD'}, 'cut': 0}}, {'timestamp': '2019-12-12T19:21:26+01:00', 'shop': {'id': 61, 'name': 'Steam'}, 'deal': {'price': {'amount': 47.99, 'amountInt': 4799, 'currency': 'USD'}, 'regular': {'amount': 59.99, 'amountInt': 5999, 'currency': 'USD'}, 'cut': 20}}, {'timestamp': '2019-12-03T19:24:50+01:00', 'shop': {'id': 61, 'name': 'Steam'}, 'deal': {'price': {'amount': 59.99, 'amountInt': 5999, 'currency': 'USD'}, 'regular': {'amount': 59.99, 'amountInt': 5999, 'currency': 'USD'}, 'cut': 0}}, {'timestamp': '2019-11-22T19:07:22+01:00', 'shop': {'id': 61, 'name': 'Steam'}, 'deal': {'price': {'amount': 47.99, 'amountInt': 4799, 'currency': 'USD'}, 'regular': {'amount': 59.99, 'amountInt': 5999, 'currency': 'USD'}, 'cut': 20}}, {'timestamp': '2019-09-30T19:21:32+02:00', 'shop': {'id': 61, 'name': 'Steam'}, 'deal': {'price': {'amount': 59.99, 'amountInt': 5999, 'currency': 'USD'}, 'regular': {'amount': 59.99, 'amountInt': 5999, 'currency': 'USD'}, 'cut': 0}}, {'timestamp': '2019-09-26T19:21:17+02:00', 'shop': {'id': 61, 'name': 'Steam'}, 'deal': {'price': {'amount': 53.99, 'amountInt': 5399, 'currency': 'USD'}, 'regular': {'amount': 59.99, 'amountInt': 5999, 'currency': 'USD'}, 'cut': 10}}, {'timestamp': '2019-07-09T20:21:27+02:00', 'shop': {'id': 61, 'name': 'Steam'}, 'deal': {'price': {'amount': 59.99, 'amountInt': 5999, 'currency': 'USD'}, 'regular': {'amount': 59.99, 'amountInt': 5999, 'currency': 'USD'}, 'cut': 0}}, {'timestamp': '2019-06-26T00:52:01+02:00', 'shop': {'id': 61, 'name': 'Steam'}, 'deal': {'price': {'amount': 53.99, 'amountInt': 5399, 'currency': 'USD'}, 'regular': {'amount': 59.99, 'amountInt': 5999, 'currency': 'USD'}, 'cut': 10}}, {'timestamp': '2018-09-27T21:12:54+02:00', 'shop': {'id': 61, 'name': 'Steam'}, 'deal': {'price': {'amount': 59.99, 'amountInt': 5999, 'currency': 'USD'}, 'regular': {'amount': 59.99, 'amountInt': 5999, 'currency': 'USD'}, 'cut': 0}}]"
018d937e-ffba-7200-8bc4-99eccd424fa1,"[{'timestamp': '2024-07-11T19:19:28+02:00', 'shop': {'id': 61, 'name': 'Steam'}, 'deal': {'price': {'amount': 19.99, 'amountInt': 1999, 'currency': 'USD'}, 'regular': {'amount': 19.99, 'amountInt': 1999, 'currency': 'USD'}, 'cut': 0}}, {'timestamp': '2024-06-27T20:36:23+02:00', 'shop': {'id': 61, 'name': 'Steam'}, 'deal': {'price': {'amount': 13.99, 'amountInt': 1399, 'currency': 'USD'}, 'regular': {'amount': 19.99, 'amountInt': 1999, 'currency': 'USD'}, 'cut': 30}}, {'timestamp': '2024-06-17T19:16:29+02:00', 'shop': {'id': 61, 'name': 'Steam'}, 'deal': {'price': {'amount': 19.99, 'amountInt': 1999, 'currency': 'USD'}, 'regular': {'amount': 19.99, 'amountInt': 1999, 'currency': 'USD'}, 'cut': 0}}, {'timestamp': '2024-06-10T19:15:10+02:00', 'shop': {'id': 61, 'name': 'Steam'}, 'deal': {'price': {'amount': 13.99, 'amountInt': 1399, 'currency': 'USD'}, 'regular': {'amount': 19.99, 'amountInt': 1999, 'currency': 'USD'}, 'cut': 30}}, {'timestamp': '2024-03-21T18:19:22+01:00', 'shop': {'id': 61, 'name': 'Steam'}, 'deal': {'price': {'amount': 19.99, 'amountInt': 1999, 'currency': 'USD'}, 'regular': {'amount': 19.99, 'amountInt': 1999, 'currency': 'USD'}, 'cut': 0}}, {'timestamp': '2024-03-14T18:17:04+01:00', 'shop': {'id': 61, 'name': 'Steam'}, 'deal': {'price': {'amount': 13.99, 'amountInt': 1399, 'currency': 'USD'}, 'regular': {'amount': 19.99, 'amountInt': 1999, 'currency': 'USD'}, 'cut': 30}}, {'timestamp': '2024-02-11T02:17:23+01:00', 'shop': {'id': 61, 'name': 'Steam'}, 'deal': {'price': {'amount': 19.99, 'amountInt': 1999, 'currency': 'USD'}, 'regular': {'amount': 19.99, 'amountInt': 1999, 'currency': 'USD'}, 'cut': 0}}, {'timestamp': '2024-01-04T19:30:02+01:00', 'shop': {'id': 61, 'name': 'Steam'}, 'deal': {'price': {'amount': 19.99, 'amountInt': 1999, 'currency': 'USD'}, 'regular': {'amount': 19.99, 'amountInt': 1999, 'currency': 'USD'}, 'cut': 0}}, {'timestamp': '2023-12-21T19:31:03+01:00', 'shop': {'id': 61, 'name': 'Steam'}, 'deal': {'price': {'amount': 13.99, 'amountInt': 1399, 'currency': 'USD'}, 'regular': {'amount': 19.99, 'amountInt': 1999, 'currency': 'USD'}, 'cut': 30}}, {'timestamp': '2023-11-28T23:26:32+01:00', 'shop': {'id': 61, 'name': 'Steam'}, 'deal': {'price': {'amount': 19.99, 'amountInt': 1999, 'currency': 'USD'}, 'regular': {'amount': 19.99, 'amountInt': 1999, 'currency': 'USD'}, 'cut': 0}}, {'timestamp': '2023-11-21T19:07:09+01:00', 'shop': {'id': 61, 'name': 'Steam'}, 'deal': {'price': {'amount': 13.99, 'amountInt': 1399, 'currency': 'USD'}, 'regular': {'amount': 19.99, 'amountInt': 1999, 'currency': 'USD'}, 'cut': 30}}, {'timestamp': '2023-07-13T19:10:26+02:00', 'shop': {'id': 61, 'name': 'Steam'}, 'deal': {'price': {'amount': 19.99, 'amountInt': 1999, 'currency': 'USD'}, 'regular': {'amount': 19.99, 'amountInt': 1999, 'currency': 'USD'}, 'cut': 0}}, {'timestamp': '2023-06-29T19:44:03+02:00', 'shop': {'id': 61, 'name': 'Steam'}, 'deal': {'price': {'amount': 13.99, 'amountInt': 1399, 'currency': 'USD'}, 'regular': {'amount': 19.99, 'amountInt': 1999, 'currency': 'USD'}, 'cut': 30}}, {'timestamp': '2023-03-23T19:24:51+01:00', 'shop': {'id': 61, 'name': 'Steam'}, 'deal': {'price': {'amount': 19.99, 'amountInt': 1999, 'currency': 'USD'}, 'regular': {'amount': 19.99, 'amountInt': 1999, 'currency': 'USD'}, 'cut': 0}}, {'timestamp': '2023-03-16T18:28:04+01:00', 'shop': {'id': 61, 'name': 'Steam'}, 'deal': {'price': {'amount': 13.99, 'amountInt': 1399, 'currency': 'USD'}, 'regular': {'amount': 19.99, 'amountInt': 1999, 'currency': 'USD'}, 'cut': 30}}, {'timestamp': '2023-01-05T22:20:13+01:00', 'shop': {'id': 61, 'name': 'Steam'}, 'deal': {'price': {'amount': 19.99, 'amountInt': 1999, 'currency': 'USD'}, 'regular': {'amount': 19.99, 'amountInt': 1999, 'currency': 'USD'}, 'cut': 0}}, {'timestamp': '2022-12-23T00:22:43+01:00', 'shop': {'id': 61, 'name': 'Steam'}, 'deal': {'price': {'amount': 13.99, 'amountInt': 1399, 'currency': 'USD'}, 'regular': {'amount': 19.99, 'amountInt': 1999, 'currency': 'USD'}, 'cut': 30}}, {'timestamp': '2022-12-12T19:57:45+01:00', 'shop': {'id': 61, 'name': 'Steam'}, 'deal': {'price': {'amount': 19.99, 'amountInt': 1999, 'currency': 'USD'}, 'regular': {'amount': 19.99, 'amountInt': 1999, 'currency': 'USD'}, 'cut': 0}}, {'timestamp': '2022-12-05T19:36:12+01:00', 'shop': {'id': 61, 'name': 'Steam'}, 'deal': {'price': {'amount': 13.99, 'amountInt': 1399, 'currency': 'USD'}, 'regular': {'amount': 19.99, 'amountInt': 1999, 'currency': 'USD'}, 'cut': 30}}, {'timestamp': '2022-11-29T19:34:36+01:00', 'shop': {'id': 61, 'name': 'Steam'}, 'deal': {'price': {'amount': 19.99, 'amountInt': 1999, 'currency': 'USD'}, 'regular': {'amount': 19.99, 'amountInt': 1999, 'currency': 'USD'}, 'cut': 0}}, {'timestamp': '2022-11-22T23:19:39+01:00', 'shop': {'id': 61, 'name': 'Steam'}, 'deal': {'price': {'amount': 13.99, 'amountInt': 1399, 'currency': 'USD'}, 'regular': {'amount': 19.99, 'amountInt': 1999, 'currency': 'USD'}, 'cut': 30}}, {'timestamp': '2022-10-07T18:20:43+02:00', 'shop': {'id': 61, 'name': 'Steam'}, 'deal': {'price': {'amount': 19.99, 'amountInt': 1999, 'currency': 'USD'}, 'regular': {'amount': 19.99, 'amountInt': 1999, 'currency': 'USD'}, 'cut': 0}}, {'timestamp': '2022-09-29T18:18:22+02:00', 'shop': {'id': 61, 'name': 'Steam'}, 'deal': {'price': {'amount': 13.99, 'amountInt': 1399, 'currency': 'USD'}, 'regular': {'amount': 19.99, 'amountInt': 1999, 'currency': 'USD'}, 'cut': 30}}, {'timestamp': '2022-08-29T09:18:11+02:00', 'shop': {'id': 61, 'name': 'Steam'}, 'deal': {'price': {'amount': 19.99, 'amountInt': 1999, 'currency': 'USD'}, 'regular': {'amount': 19.99, 'amountInt': 1999, 'currency': 'USD'}, 'cut': 0}}, {'timestamp': '2022-08-19T09:18:14+02:00', 'shop': {'id': 61, 'name': 'Steam'}, 'deal': {'price': {'amount': 13.99, 'amountInt': 1399, 'currency': 'USD'}, 'regular': {'amount': 19.99, 'amountInt': 1999, 'currency': 'USD'}, 'cut': 30}}, {'timestamp': '2022-07-07T19:25:02+02:00', 'shop': {'id': 61, 'name': 'Steam'}, 'deal': {'price': {'amount': 19.99, 'amountInt': 1999, 'currency': 'USD'}, 'regular': {'amount': 19.99, 'amountInt': 1999, 'currency': 'USD'}, 'cut': 0}}, {'timestamp': '2022-06-23T23:57:43+02:00', 'shop': {'id': 61, 'name': 'Steam'}, 'deal': {'price': {'amount': 13.99, 'amountInt': 1399, 'currency': 'USD'}, 'regular': {'amount': 19.99, 'amountInt': 1999, 'currency': 'USD'}, 'cut': 30}}, {'timestamp': '2022-02-26T09:20:37+01:00', 'shop': {'id': 61, 'name': 'Steam'}, 'deal': {'price': {'amount': 19.99, 'amountInt': 1999, 'currency': 'USD'}, 'regular': {'amount': 19.99, 'amountInt': 1999, 'currency': 'USD'}, 'cut': 0}}, {'timestamp': '2022-02-18T09:35:55+01:00', 'shop': {'id': 61, 'name': 'Steam'}, 'deal': {'price': {'amount': 14.99, 'amountInt': 1499, 'currency': 'USD'}, 'regular': {'amount': 19.99, 'amountInt': 1999, 'currency': 'USD'}, 'cut': 25}}, {'timestamp': '2022-02-03T19:22:23+01:00', 'shop': {'id': 61, 'name': 'Steam'}, 'deal': {'price': {'amount': 19.99, 'amountInt': 1999, 'currency': 'USD'}, 'regular': {'amount': 19.99, 'amountInt': 1999, 'currency': 'USD'}, 'cut': 0}}, {'timestamp': '2022-01-27T19:10:52+01:00', 'shop': {'id': 61, 'name': 'Steam'}, 'deal': {'price': {'amount': 15.99, 'amountInt': 1599, 'currency': 'USD'}, 'regular': {'amount': 19.99, 'amountInt': 1999, 'currency': 'USD'}, 'cut': 20}}, {'timestamp': '2022-01-05T19:26:04+01:00', 'shop': {'id': 61, 'name': 'Steam'}, 'deal': {'price': {'amount': 19.99, 'amountInt': 1999, 'currency': 'USD'}, 'regular': {'amount': 19.99, 'amountInt': 1999, 'currency': 'USD'}, 'cut': 0}}, {'timestamp': '2021-12-22T19:48:03+01:00', 'shop': {'id': 61, 'name': 'Steam'}, 'deal': {'price': {'amount': 13.99, 'amountInt': 1399, 'currency': 'USD'}, 'regular': {'amount': 19.99, 'amountInt': 1999, 'currency': 'USD'}, 'cut': 30}}, {'timestamp': '2021-12-01T20:13:08+01:00', 'shop': {'id': 61, 'name': 'Steam'}, 'deal': {'price': {'amount': 19.99, 'amountInt': 1999, 'currency': 'USD'}, 'regular': {'amount': 19.99, 'amountInt': 1999, 'currency': 'USD'}, 'cut': 0}}, {'timestamp': '2021-11-24T22:01:21+01:00', 'shop': {'id': 61, 'name': 'Steam'}, 'deal': {'price': {'amount': 13.99, 'amountInt': 1399, 'currency': 'USD'}, 'regular': {'amount': 19.99, 'amountInt': 1999, 'currency': 'USD'}, 'cut': 30}}, {'timestamp': '2021-07-08T19:28:50+02:00', 'shop': {'id': 61, 'name': 'Steam'}, 'deal': {'price': {'amount': 19.99, 'amountInt': 1999, 'currency': 'USD'}, 'regular': {'amount': 19.99, 'amountInt': 1999, 'currency': 'USD'}, 'cut': 0}}, {'timestamp': '2021-06-24T20:59:03+02:00', 'shop': {'id': 61, 'name': 'Steam'}, 'deal': {'price': {'amount': 14.99, 'amountInt': 1499, 'currency': 'USD'}, 'regular': {'amount': 19.99, 'amountInt': 1999, 'currency': 'USD'}, 'cut': 25}}, {'timestamp': '2021-03-27T10:58:56+01:00', 'shop': {'id': 61, 'name': 'Steam'}, 'deal': {'price': {'amount': 19.99, 'amountInt': 1999, 'currency': 'USD'}, 'regular': {'amount': 19.99, 'amountInt': 1999, 'currency': 'USD'}, 'cut': 0}}, {'timestamp': '2021-02-15T19:27:39+01:00', 'shop': {'id': 61, 'name': 'Steam'}, 'deal': {'price': {'amount': 19.99, 'amountInt': 1999, 'currency': 'USD'}, 'regular': {'amount': 19.99, 'amountInt': 1999, 'currency': 'USD'}, 'cut': 0}}, {'timestamp': '2021-02-11T20:01:35+01:00', 'shop': {'id': 61, 'name': 'Steam'}, 'deal': {'price': {'amount': 14.99, 'amountInt': 1499, 'currency': 'USD'}, 'regular': {'amount': 19.99, 'amountInt': 1999, 'currency': 'USD'}, 'cut': 25}}, {'timestamp': '2021-01-05T19:51:32+01:00', 'shop': {'id': 61, 'name': 'Steam'}, 'deal': {'price': {'amount': 19.99, 'amountInt': 1999, 'currency': 'USD'}, 'regular': {'amount': 19.99, 'amountInt': 1999, 'currency': 'USD'}, 'cut': 0}}, {'timestamp': '2020-12-22T19:34:21+01:00', 'shop': {'id': 61, 'name': 'Steam'}, 'deal': {'price': {'amount': 13.99, 'amountInt': 1399, 'currency': 'USD'}, 'regular': {'amount': 19.99, 'amountInt': 1999, 'currency': 'USD'}, 'cut': 30}}, {'timestamp': '2020-12-14T19:35:21+01:00', 'shop': {'id': 61, 'name': 'Steam'}, 'deal': {'price': {'amount': 19.99, 'amountInt': 1999, 'currency': 'USD'}, 'regular': {'amount': 19.99, 'amountInt': 1999, 'currency': 'USD'}, 'cut': 0}}, {'timestamp': '2020-12-09T19:07:09+01:00', 'shop': {'id': 61, 'name': 'Steam'}, 'deal': {'price': {'amount': 14.99, 'amountInt': 1499, 'currency': 'USD'}, 'regular': {'amount': 19.99, 'amountInt': 1999, 'currency': 'USD'}, 'cut': 25}}, {'timestamp': '2020-12-01T19:24:25+01:00', 'shop': {'id': 61, 'name': 'Steam'}, 'deal': {'price': {'amount': 19.99, 'amountInt': 1999, 'currency': 'USD'}, 'regular': {'amount': 19.99, 'amountInt': 1999, 'currency': 'USD'}, 'cut': 0}}, {'timestamp': '2020-11-25T19:23:10+01:00', 'shop': {'id': 61, 'name': 'Steam'}, 'deal': {'price': {'amount': 14.99, 'amountInt': 1499, 'currency': 'USD'}, 'regular': {'amount': 19.99, 'amountInt': 1999, 'currency': 'USD'}, 'cut': 25}}, {'timestamp': '2020-07-09T19:22:27+02:00', 'shop': {'id': 61, 'name': 'Steam'}, 'deal': {'price': {'amount': 19.99, 'amountInt': 1999, 'currency': 'USD'}, 'regular': {'amount': 19.99, 'amountInt': 1999, 'currency': 'USD'}, 'cut': 0}}, {'timestamp': '2020-06-25T20:02:43+02:00', 'shop': {'id': 61, 'name': 'Steam'}, 'deal': {'price': {'amount': 14.99, 'amountInt': 1499, 'currency': 'USD'}, 'regular': {'amount': 19.99, 'amountInt': 1999, 'currency': 'USD'}, 'cut': 25}}, {'timestamp': '2020-01-27T19:31:22+01:00', 'shop': {'id': 61, 'name': 'Steam'}, 'deal': {'price': {'amount': 19.99, 'amountInt': 1999, 'currency': 'USD'}, 'regular': {'amount': 19.99, 'amountInt': 1999, 'currency': 'USD'}, 'cut': 0}}, {'timestamp': '2020-01-23T19:31:22+01:00', 'shop': {'id': 61, 'name': 'Steam'}, 'deal': {'price': {'amount': 14.99, 'amountInt': 1499, 'currency': 'USD'}, 'regular': {'amount': 19.99, 'amountInt': 1999, 'currency': 'USD'}, 'cut': 25}}, {'timestamp': '2020-01-02T19:35:42+01:00', 'shop': {'id': 61, 'name': 'Steam'}, 'deal': {'price': {'amount': 19.99, 'amountInt': 1999, 'currency': 'USD'}, 'regular': {'amount': 19.99, 'amountInt': 1999, 'currency': 'USD'}, 'cut': 0}}, {'timestamp': '2019-12-19T19:09:55+01:00', 'shop': {'id': 61, 'name': 'Steam'}, 'deal': {'price': {'amount': 13.99, 'amountInt': 1399, 'currency': 'USD'}, 'regular': {'amount': 19.99, 'amountInt': 1999, 'currency': 'USD'}, 'cut': 30}}, {'timestamp': '2019-12-03T19:34:12+01:00', 'shop': {'id': 61, 'name': 'Steam'}, 'deal': {'price': {'amount': 19.99, 'amountInt': 1999, 'currency': 'USD'}, 'regular': {'amount': 19.99, 'amountInt': 1999, 'currency': 'USD'}, 'cut': 0}}, {'timestamp': '2019-11-21T19:35:15+01:00', 'shop': {'id': 61, 'name': 'Steam'}, 'deal': {'price': {'amount': 14.99, 'amountInt': 1499, 'currency': 'USD'}, 'regular': {'amount': 19.99, 'amountInt': 1999, 'currency': 'USD'}, 'cut': 25}}, {'timestamp': '2019-10-06T19:21:16+02:00', 'shop': {'id': 61, 'name': 'Steam'}, 'deal': {'price': {'amount': 19.99, 'amountInt': 1999, 'currency': 'USD'}, 'regular': {'amount': 19.99, 'amountInt': 1999, 'currency': 'USD'}, 'cut': 0}}, {'timestamp': '2019-09-29T19:21:10+02:00', 'shop': {'id': 61, 'name': 'Steam'}, 'deal': {'price': {'amount': 15.99, 'amountInt': 1599, 'currency': 'USD'}, 'regular': {'amount': 19.99, 'amountInt': 1999, 'currency': 'USD'}, 'cut': 20}}, {'timestamp': '2019-07-09T22:14:53+02:00', 'shop': {'id': 61, 'name': 'Steam'}, 'deal': {'price': {'amount': 19.99, 'amountInt': 1999, 'currency': 'USD'}, 'regular': {'amount': 19.99, 'amountInt': 1999, 'currency': 'USD'}, 'cut': 0}}, {'timestamp': '2019-06-26T07:34:57+02:00', 'shop': {'id': 61, 'name': 'Steam'}, 'deal': {'price': {'amount': 16.99, 'amountInt': 1699, 'currency': 'USD'}, 'regular': {'amount': 19.99, 'amountInt': 1999, 'currency': 'USD'}, 'cut': 15}}, {'timestamp': '2019-06-18T20:24:44+02:00', 'shop': {'id': 61, 'name': 'Steam'}, 'deal': {'price': {'amount': 19.99, 'amountInt': 1999, 'currency': 'USD'}, 'regular': {'amount': 19.99, 'amountInt': 1999, 'currency': 'USD'}, 'cut': 0}}, {'timestamp': '2019-06-11T19:51:42+02:00', 'shop': {'id': 61, 'name': 'Steam'}, 'deal': {'price': {'amount': 16.99, 'amountInt': 1699, 'currency': 'USD'}, 'regular': {'amount': 19.99, 'amountInt': 1999, 'currency': 'USD'}, 'cut': 15}}, {'timestamp': '2019-02-11T19:49:22+01:00', 'shop': {'id': 61, 'name': 'Steam'}, 'deal': {'price': {'amount': 19.99, 'amountInt': 1999, 'currency': 'USD'}, 'regular': {'amount': 19.99, 'amountInt': 1999, 'currency': 'USD'}, 'cut': 0}}, {'timestamp': '2019-02-04T23:31:12+01:00', 'shop': {'id': 61, 'name': 'Steam'}, 'deal': {'price': {'amount': 15.99, 'amountInt': 1599, 'currency': 'USD'}, 'regular': {'amount': 19.99, 'amountInt': 1999, 'currency': 'USD'}, 'cut': 20}}, {'timestamp': '2019-01-03T20:44:02+01:00', 'shop': {'id': 61, 'name': 'Steam'}, 'deal': {'price': {'amount': 19.99, 'amountInt': 1999, 'currency': 'USD'}, 'regular': {'amount': 19.99, 'amountInt': 1999, 'currency': 'USD'}, 'cut': 0}}, {'timestamp': '2018-12-21T00:06:45+01:00', 'shop': {'id': 61, 'name': 'Steam'}, 'deal': {'price': {'amount': 14.99, 'amountInt': 1499, 'currency': 'USD'}, 'regular': {'amount': 19.99, 'amountInt': 1999, 'currency': 'USD'}, 'cut': 25}}, {'timestamp': '2018-11-27T19:18:44+01:00', 'shop': {'id': 61, 'name': 'Steam'}, 'deal': {'price': {'amount': 19.99, 'amountInt': 1999, 'currency': 'USD'}, 'regular': {'amount': 19.99, 'amountInt': 1999, 'currency': 'USD'}, 'cut': 0}}, {'timestamp': '2018-11-21T19:57:09+01:00', 'shop': {'id': 61, 'name': 'Steam'}, 'deal': {'price': {'amount': 15.99, 'amountInt': 1599, 'currency': 'USD'}, 'regular': {'amount': 19.99, 'amountInt': 1999, 'currency': 'USD'}, 'cut': 20}}, {'timestamp': '2018-10-22T19:16:18+02:00', 'shop': {'id': 61, 'name': 'Steam'}, 'deal': {'price': {'amount': 19.99, 'amountInt': 1999, 'currency': 'USD'}, 'regular': {'amount': 19.99, 'amountInt': 1999, 'currency': 'USD'}, 'cut': 0}}, {'timestamp': '2018-10-19T19:39:17+02:00', 'shop': {'id': 61, 'name': 'Steam'}, 'deal': {'price': {'amount': 15.99, 'amountInt': 1599, 'currency': 'USD'}, 'regular': {'amount': 19.99, 'amountInt': 1999, 'currency': 'USD'}, 'cut': 20}}, {'timestamp': '2018-08-11T19:14:02+02:00', 'shop': {'id': 61, 'name': 'Steam'}, 'deal': {'price': {'amount': 19.99, 'amountInt': 1999, 'currency': 'USD'}, 'regular': {'amount': 19.99, 'amountInt': 1999, 'currency': 'USD'}, 'cut': 0}}, {'timestamp': '2018-08-09T23:57:34+02:00', 'shop': {'id': 61, 'name': 'Steam'}, 'deal': {'price': {'amount': 15.99, 'amountInt': 1599, 'currency': 'USD'}, 'regular': {'amount': 19.99, 'amountInt': 1999, 'currency': 'USD'}, 'cut': 20}}, {'timestamp': '2018-07-05T19:13:10+02:00', 'shop': {'id': 61, 'name': 'Steam'}, 'deal': {'price': {'amount': 19.99, 'amountInt': 1999, 'currency': 'USD'}, 'regular': {'amount': 19.99, 'amountInt': 1999, 'currency': 'USD'}, 'cut': 0}}, {'timestamp': '2018-06-21T21:08:37+02:00', 'shop': {'id': 61, 'name': 'Steam'}, 'deal': {'price': {'amount': 15.99, 'amountInt': 1599, 'currency': 'USD'}, 'regular': {'amount': 19.99, 'amountInt': 1999, 'currency': 'USD'}, 'cut': 20}}, {'timestamp': '2018-04-16T21:19:55+02:00', 'shop': {'id': 61, 'name': 'Steam'}, 'deal': {'price': {'amount': 19.99, 'amountInt': 1999, 'currency': 'USD'}, 'regular': {'amount': 19.99, 'amountInt': 1999, 'currency': 'USD'}, 'cut': 0}}, {'timestamp': '2018-04-12T19:51:08+02:00', 'shop': {'id': 61, 'name': 'Steam'}, 'deal': {'price': {'amount': 16.99, 'amountInt': 1699, 'currency': 'USD'}, 'regular': {'amount': 19.99, 'amountInt': 1999, 'currency': 'USD'}, 'cut': 15}}, {'timestamp': '2018-03-22T18:24:13+01:00', 'shop': {'id': 61, 'name': 'Steam'}, 'deal': {'price': {'amount': 19.99, 'amountInt': 1999, 'currency': 'USD'}, 'regular': {'amount': 19.99, 'amountInt': 1999, 'currency': 'USD'}, 'cut': 0}}, {'timestamp': '2018-03-20T18:23:01+01:00', 'shop': {'id': 61, 'name': 'Steam'}, 'deal': {'price': {'amount': 16.99, 'amountInt': 1699, 'currency': 'USD'}, 'regular': {'amount': 19.99, 'amountInt': 1999, 'currency': 'USD'}, 'cut': 15}}, {'timestamp': '2018-02-19T20:19:46+01:00', 'shop': {'id': 61, 'name': 'Steam'}, 'deal': {'price': {'amount': 19.99, 'amountInt': 1999, 'currency': 'USD'}, 'regular': {'amount': 19.99, 'amountInt': 1999, 'currency': 'USD'}, 'cut': 0}}, {'timestamp': '2018-02-15T19:19:04+01:00', 'shop': {'id': 61, 'name': 'Steam'}, 'deal': {'price': {'amount': 16.99, 'amountInt': 1699, 'currency': 'USD'}, 'regular': {'amount': 19.99, 'amountInt': 1999, 'currency': 'USD'}, 'cut': 15}}, {'timestamp': '2018-01-04T19:16:11+01:00', 'shop': {'id': 61, 'name': 'Steam'}, 'deal': {'price': {'amount': 19.99, 'amountInt': 1999, 'currency': 'USD'}, 'regular': {'amount': 19.99, 'amountInt': 1999, 'currency': 'USD'}, 'cut': 0}}, {'timestamp': '2017-12-21T20:45:33+01:00', 'shop': {'id': 61, 'name': 'Steam'}, 'deal': {'price': {'amount': 16.99, 'amountInt': 1699, 'currency': 'USD'}, 'regular': {'amount': 19.99, 'amountInt': 1999, 'currency': 'USD'}, 'cut': 15}}, {'timestamp': '2017-12-09T19:45:30+01:00', 'shop': {'id': 61, 'name': 'Steam'}, 'deal': {'price': {'amount': 19.99, 'amountInt': 1999, 'currency': 'USD'}, 'regular': {'amount': 19.99, 'amountInt': 1999, 'currency': 'USD'}, 'cut': 0}}, {'timestamp': '2017-12-07T20:15:42+01:00', 'shop': {'id': 61, 'name': 'Steam'}, 'deal': {'price': {'amount': 16.99, 'amountInt': 1699, 'currency': 'USD'}, 'regular': {'amount': 19.99, 'amountInt': 1999, 'currency': 'USD'}, 'cut': 15}}, {'timestamp': '2017-09-02T18:45:29+02:00', 'shop': {'id': 61, 'name': 'Steam'}, 'deal': {'price': {'amount': 19.99, 'amountInt': 1999, 'currency': 'USD'}, 'regular': {'amount': 19.99, 'amountInt': 1999, 'currency': 'USD'}, 'cut': 0}}]"
018d937f-0f99-724d-b0b6-936b1d0950e6,"[{'timestamp': '2024-07-11T19:54:32+02:00', 'shop': {'id': 61, 'name': 'Steam'}, 'deal': {'price': {'amount': 9.99, 'amountInt': 999, 'currency': 'USD'}, 'regular': {'amount': 9.99, 'amountInt': 999, 'currency': 'USD'}, 'cut': 0}}, {'timestamp': '2024-06-27T19:35:45+02:00', 'shop': {'id': 61, 'name': 'Steam'}, 'deal': {'price': {'amount': 4.99, 'amountInt': 499, 'currency': 'USD'}, 'regular': {'amount': 9.99, 'amountInt': 999, 'currency': 'USD'}, 'cut': 50}}, {'timestamp': '2024-03-21T18:34:22+01:00', 'shop': {'id': 61, 'name': 'Steam'}, 'deal': {'price': {'amount': 9.99, 'amountInt': 999, 'currency': 'USD'}, 'regular': {'amount': 9.99, 'amountInt': 999, 'currency': 'USD'}, 'cut': 0}}, {'timestamp': '2024-03-14T18:46:08+01:00', 'shop': {'id': 61, 'name': 'Steam'}, 'deal': {'price': {'amount': 7.49, 'amountInt': 749, 'currency': 'USD'}, 'regular': {'amount': 9.99, 'amountInt': 999, 'currency': 'USD'}, 'cut': 25}}, {'timestamp': '2024-02-11T07:55:19+01:00', 'shop': {'id': 61, 'name': 'Steam'}, 'deal': {'price': {'amount': 9.99, 'amountInt': 999, 'currency': 'USD'}, 'regular': {'amount': 9.99, 'amountInt': 999, 'currency': 'USD'}, 'cut': 0}}, {'timestamp': '2024-01-04T20:55:22+01:00', 'shop': {'id': 61, 'name': 'Steam'}, 'deal': {'price': {'amount': 9.99, 'amountInt': 999, 'currency': 'USD'}, 'regular': {'amount': 9.99, 'amountInt': 999, 'currency': 'USD'}, 'cut': 0}}, {'timestamp': '2023-12-21T21:25:15+01:00', 'shop': {'id': 61, 'name': 'Steam'}, 'deal': {'price': {'amount': 7.49, 'amountInt': 749, 'currency': 'USD'}, 'regular': {'amount': 9.99, 'amountInt': 999, 'currency': 'USD'}, 'cut': 25}}, {'timestamp': '2023-11-28T21:08:30+01:00', 'shop': {'id': 61, 'name': 'Steam'}, 'deal': {'price': {'amount': 9.99, 'amountInt': 999, 'currency': 'USD'}, 'regular': {'amount': 9.99, 'amountInt': 999, 'currency': 'USD'}, 'cut': 0}}, {'timestamp': '2023-11-21T21:03:59+01:00', 'shop': {'id': 61, 'name': 'Steam'}, 'deal': {'price': {'amount': 4.99, 'amountInt': 499, 'currency': 'USD'}, 'regular': {'amount': 9.99, 'amountInt': 999, 'currency': 'USD'}, 'cut': 50}}, {'timestamp': '2023-07-13T23:33:22+02:00', 'shop': {'id': 61, 'name': 'Steam'}, 'deal': {'price': {'amount': 9.99, 'amountInt': 999, 'currency': 'USD'}, 'regular': {'amount': 9.99, 'amountInt': 999, 'currency': 'USD'}, 'cut': 0}}, {'timestamp': '2023-06-29T21:37:45+02:00', 'shop': {'id': 61, 'name': 'Steam'}, 'deal': {'price': {'amount': 0.99, 'amountInt': 99, 'currency': 'USD'}, 'regular': {'amount': 9.99, 'amountInt': 999, 'currency': 'USD'}, 'cut': 90}}, {'timestamp': '2023-03-23T20:51:51+01:00', 'shop': {'id': 61, 'name': 'Steam'}, 'deal': {'price': {'amount': 9.99, 'amountInt': 999, 'currency': 'USD'}, 'regular': {'amount': 9.99, 'amountInt': 999, 'currency': 'USD'}, 'cut': 0}}, {'timestamp': '2023-03-16T18:59:10+01:00', 'shop': {'id': 61, 'name': 'Steam'}, 'deal': {'price': {'amount': 7.49, 'amountInt': 749, 'currency': 'USD'}, 'regular': {'amount': 9.99, 'amountInt': 999, 'currency': 'USD'}, 'cut': 25}}, {'timestamp': '2023-01-05T20:42:42+01:00', 'shop': {'id': 61, 'name': 'Steam'}, 'deal': {'price': {'amount': 9.99, 'amountInt': 999, 'currency': 'USD'}, 'regular': {'amount': 9.99, 'amountInt': 999, 'currency': 'USD'}, 'cut': 0}}, {'timestamp': '2022-12-22T23:41:57+01:00', 'shop': {'id': 61, 'name': 'Steam'}, 'deal': {'price': {'amount': 0.99, 'amountInt': 99, 'currency': 'USD'}, 'regular': {'amount': 9.99, 'amountInt': 999, 'currency': 'USD'}, 'cut': 90}}, {'timestamp': '2022-11-29T23:06:14+01:00', 'shop': {'id': 61, 'name': 'Steam'}, 'deal': {'price': {'amount': 9.99, 'amountInt': 999, 'currency': 'USD'}, 'regular': {'amount': 9.99, 'amountInt': 999, 'currency': 'USD'}, 'cut': 0}}, {'timestamp': '2022-11-22T20:52:19+01:00', 'shop': {'id': 61, 'name': 'Steam'}, 'deal': {'price': {'amount': 4.99, 'amountInt': 499, 'currency': 'USD'}, 'regular': {'amount': 9.99, 'amountInt': 999, 'currency': 'USD'}, 'cut': 50}}, {'timestamp': '2022-07-07T21:39:16+02:00', 'shop': {'id': 61, 'name': 'Steam'}, 'deal': {'price': {'amount': 9.99, 'amountInt': 999, 'currency': 'USD'}, 'regular': {'amount': 9.99, 'amountInt': 999, 'currency': 'USD'}, 'cut': 0}}, {'timestamp': '2022-06-23T23:51:16+02:00', 'shop': {'id': 61, 'name': 'Steam'}, 'deal': {'price': {'amount': 2.99, 'amountInt': 299, 'currency': 'USD'}, 'regular': {'amount': 9.99, 'amountInt': 999, 'currency': 'USD'}, 'cut': 70}}, {'timestamp': '2022-02-03T21:07:08+01:00', 'shop': {'id': 61, 'name': 'Steam'}, 'deal': {'price': {'amount': 9.99, 'amountInt': 999, 'currency': 'USD'}, 'regular': {'amount': 9.99, 'amountInt': 999, 'currency': 'USD'}, 'cut': 0}}, {'timestamp': '2022-01-27T21:00:23+01:00', 'shop': {'id': 61, 'name': 'Steam'}, 'deal': {'price': {'amount': 7.49, 'amountInt': 749, 'currency': 'USD'}, 'regular': {'amount': 9.99, 'amountInt': 999, 'currency': 'USD'}, 'cut': 25}}, {'timestamp': '2022-01-05T21:37:18+01:00', 'shop': {'id': 61, 'name': 'Steam'}, 'deal': {'price': {'amount': 9.99, 'amountInt': 999, 'currency': 'USD'}, 'regular': {'amount': 9.99, 'amountInt': 999, 'currency': 'USD'}, 'cut': 0}}, {'timestamp': '2021-12-22T21:05:20+01:00', 'shop': {'id': 61, 'name': 'Steam'}, 'deal': {'price': {'amount': 1.99, 'amountInt': 199, 'currency': 'USD'}, 'regular': {'amount': 9.99, 'amountInt': 999, 'currency': 'USD'}, 'cut': 80}}, {'timestamp': '2021-12-01T21:02:38+01:00', 'shop': {'id': 61, 'name': 'Steam'}, 'deal': {'price': {'amount': 9.99, 'amountInt': 999, 'currency': 'USD'}, 'regular': {'amount': 9.99, 'amountInt': 999, 'currency': 'USD'}, 'cut': 0}}, {'timestamp': '2021-11-24T20:56:39+01:00', 'shop': {'id': 61, 'name': 'Steam'}, 'deal': {'price': {'amount': 4.99, 'amountInt': 499, 'currency': 'USD'}, 'regular': {'amount': 9.99, 'amountInt': 999, 'currency': 'USD'}, 'cut': 50}}, {'timestamp': '2021-11-01T21:13:08+01:00', 'shop': {'id': 61, 'name': 'Steam'}, 'deal': {'price': {'amount': 9.99, 'amountInt': 999, 'currency': 'USD'}, 'regular': {'amount': 9.99, 'amountInt': 999, 'currency': 'USD'}, 'cut': 0}}, {'timestamp': '2021-10-28T20:59:37+02:00', 'shop': {'id': 61, 'name': 'Steam'}, 'deal': {'price': {'amount': 4.99, 'amountInt': 499, 'currency': 'USD'}, 'regular': {'amount': 9.99, 'amountInt': 999, 'currency': 'USD'}, 'cut': 50}}, {'timestamp': '2021-07-08T21:36:14+02:00', 'shop': {'id': 61, 'name': 'Steam'}, 'deal': {'price': {'amount': 9.99, 'amountInt': 999, 'currency': 'USD'}, 'regular': {'amount': 9.99, 'amountInt': 999, 'currency': 'USD'}, 'cut': 0}}, {'timestamp': '2021-06-24T19:05:51+02:00', 'shop': {'id': 61, 'name': 'Steam'}, 'deal': {'price': {'amount': 1.49, 'amountInt': 149, 'currency': 'USD'}, 'regular': {'amount': 9.99, 'amountInt': 999, 'currency': 'USD'}, 'cut': 85}}, {'timestamp': '2021-03-27T10:30:07+01:00', 'shop': {'id': 61, 'name': 'Steam'}, 'deal': {'price': {'amount': 9.99, 'amountInt': 999, 'currency': 'USD'}, 'regular': {'amount': 9.99, 'amountInt': 999, 'currency': 'USD'}, 'cut': 0}}, {'timestamp': '2021-01-05T19:55:18+01:00', 'shop': {'id': 61, 'name': 'Steam'}, 'deal': {'price': {'amount': 9.99, 'amountInt': 999, 'currency': 'USD'}, 'regular': {'amount': 9.99, 'amountInt': 999, 'currency': 'USD'}, 'cut': 0}}, {'timestamp': '2020-12-22T19:59:16+01:00', 'shop': {'id': 61, 'name': 'Steam'}, 'deal': {'price': {'amount': 0.99, 'amountInt': 99, 'currency': 'USD'}, 'regular': {'amount': 9.99, 'amountInt': 999, 'currency': 'USD'}, 'cut': 90}}, {'timestamp': '2020-12-01T19:37:17+01:00', 'shop': {'id': 61, 'name': 'Steam'}, 'deal': {'price': {'amount': 9.99, 'amountInt': 999, 'currency': 'USD'}, 'regular': {'amount': 9.99, 'amountInt': 999, 'currency': 'USD'}, 'cut': 0}}, {'timestamp': '2020-11-25T19:23:59+01:00', 'shop': {'id': 61, 'name': 'Steam'}, 'deal': {'price': {'amount': 6.49, 'amountInt': 649, 'currency': 'USD'}, 'regular': {'amount': 9.99, 'amountInt': 999, 'currency': 'USD'}, 'cut': 35}}, {'timestamp': '2020-11-02T19:24:22+01:00', 'shop': {'id': 61, 'name': 'Steam'}, 'deal': {'price': {'amount': 9.99, 'amountInt': 999, 'currency': 'USD'}, 'regular': {'amount': 9.99, 'amountInt': 999, 'currency': 'USD'}, 'cut': 0}}, {'timestamp': '2020-10-29T18:23:42+01:00', 'shop': {'id': 61, 'name': 'Steam'}, 'deal': {'price': {'amount': 4.99, 'amountInt': 499, 'currency': 'USD'}, 'regular': {'amount': 9.99, 'amountInt': 999, 'currency': 'USD'}, 'cut': 50}}, {'timestamp': '2020-07-09T19:28:50+02:00', 'shop': {'id': 61, 'name': 'Steam'}, 'deal': {'price': {'amount': 9.99, 'amountInt': 999, 'currency': 'USD'}, 'regular': {'amount': 9.99, 'amountInt': 999, 'currency': 'USD'}, 'cut': 0}}, {'timestamp': '2020-06-25T19:55:00+02:00', 'shop': {'id': 61, 'name': 'Steam'}, 'deal': {'price': {'amount': 2.49, 'amountInt': 249, 'currency': 'USD'}, 'regular': {'amount': 9.99, 'amountInt': 999, 'currency': 'USD'}, 'cut': 75}}, {'timestamp': '2020-01-02T19:21:28+01:00', 'shop': {'id': 61, 'name': 'Steam'}, 'deal': {'price': {'amount': 9.99, 'amountInt': 999, 'currency': 'USD'}, 'regular': {'amount': 9.99, 'amountInt': 999, 'currency': 'USD'}, 'cut': 0}}, {'timestamp': '2019-12-20T00:21:24+01:00', 'shop': {'id': 61, 'name': 'Steam'}, 'deal': {'price': {'amount': 5.99, 'amountInt': 599, 'currency': 'USD'}, 'regular': {'amount': 9.99, 'amountInt': 999, 'currency': 'USD'}, 'cut': 40}}, {'timestamp': '2019-07-23T23:15:31+02:00', 'shop': {'id': 61, 'name': 'Steam'}, 'deal': {'price': {'amount': 9.99, 'amountInt': 999, 'currency': 'USD'}, 'regular': {'amount': 9.99, 'amountInt': 999, 'currency': 'USD'}, 'cut': 0}}]"
018d937f-4964-7357-a557-f04dac608915,"[{'timestamp': '2024-07-11T20:03:02+02:00', 'shop': {'id': 61, 'name': 'Steam'}, 'deal': {'price': {'amount': 49.99, 'amountInt': 4999, 'currency': 'USD'}, 'regular': {'amount': 49.99, 'amountInt': 4999, 'currency': 'USD'}, 'cut': 0}}, {'timestamp': '2024-06-27T19:45:40+02:00', 'shop': {'id': 61, 'name': 'Steam'}, 'deal': {'price': {'amount': 24.99, 'amountInt': 2499, 'currency': 'USD'}, 'regular': {'amount': 49.99, 'amountInt': 4999, 'currency': 'USD'}, 'cut': 50}}, {'timestamp': '2024-03-28T18:18:36+01:00', 'shop': {'id': 61, 'name': 'Steam'}, 'deal': {'price': {'amount': 49.99, 'amountInt': 4999, 'currency': 'USD'}, 'regular': {'amount': 49.99, 'amountInt': 4999, 'currency': 'USD'}, 'cut': 0}}, {'timestamp': '2024-03-14T18:49:17+01:00', 'shop': {'id': 61, 'name': 'Steam'}, 'deal': {'price': {'amount': 24.99, 'amountInt': 2499, 'currency': 'USD'}, 'regular': {'amount': 49.99, 'amountInt': 4999, 'currency': 'USD'}, 'cut': 50}}, {'timestamp': '2024-02-12T19:19:25+01:00', 'shop': {'id': 61, 'name': 'Steam'}, 'deal': {'price': {'amount': 49.99, 'amountInt': 4999, 'currency': 'USD'}, 'regular': {'amount': 49.99, 'amountInt': 4999, 'currency': 'USD'}, 'cut': 0}}, {'timestamp': '2024-02-11T10:51:18+01:00', 'shop': {'id': 61, 'name': 'Steam'}, 'deal': {'price': {'amount': 24.99, 'amountInt': 2499, 'currency': 'USD'}, 'regular': {'amount': 49.99, 'amountInt': 4999, 'currency': 'USD'}, 'cut': 50}}, {'timestamp': '2024-02-05T19:38:25+01:00', 'shop': {'id': 61, 'name': 'Steam'}, 'deal': {'price': {'amount': 24.99, 'amountInt': 2499, 'currency': 'USD'}, 'regular': {'amount': 49.99, 'amountInt': 4999, 'currency': 'USD'}, 'cut': 50}}, {'timestamp': '2024-01-04T21:41:53+01:00', 'shop': {'id': 61, 'name': 'Steam'}, 'deal': {'price': {'amount': 49.99, 'amountInt': 4999, 'currency': 'USD'}, 'regular': {'amount': 49.99, 'amountInt': 4999, 'currency': 'USD'}, 'cut': 0}}, {'timestamp': '2023-12-14T19:13:00+01:00', 'shop': {'id': 61, 'name': 'Steam'}, 'deal': {'price': {'amount': 24.99, 'amountInt': 2499, 'currency': 'USD'}, 'regular': {'amount': 49.99, 'amountInt': 4999, 'currency': 'USD'}, 'cut': 50}}, {'timestamp': '2023-11-28T21:43:17+01:00', 'shop': {'id': 61, 'name': 'Steam'}, 'deal': {'price': {'amount': 49.99, 'amountInt': 4999, 'currency': 'USD'}, 'regular': {'amount': 49.99, 'amountInt': 4999, 'currency': 'USD'}, 'cut': 0}}, {'timestamp': '2023-11-21T22:06:33+01:00', 'shop': {'id': 61, 'name': 'Steam'}, 'deal': {'price': {'amount': 29.99, 'amountInt': 2999, 'currency': 'USD'}, 'regular': {'amount': 49.99, 'amountInt': 4999, 'currency': 'USD'}, 'cut': 40}}, {'timestamp': '2023-09-07T19:19:33+02:00', 'shop': {'id': 61, 'name': 'Steam'}, 'deal': {'price': {'amount': 49.99, 'amountInt': 4999, 'currency': 'USD'}, 'regular': {'amount': 49.99, 'amountInt': 4999, 'currency': 'USD'}, 'cut': 0}}, {'timestamp': '2023-08-31T19:03:19+02:00', 'shop': {'id': 61, 'name': 'Steam'}, 'deal': {'price': {'amount': 29.99, 'amountInt': 2999, 'currency': 'USD'}, 'regular': {'amount': 49.99, 'amountInt': 4999, 'currency': 'USD'}, 'cut': 40}}, {'timestamp': '2023-07-13T21:58:17+02:00', 'shop': {'id': 61, 'name': 'Steam'}, 'deal': {'price': {'amount': 49.99, 'amountInt': 4999, 'currency': 'USD'}, 'regular': {'amount': 49.99, 'amountInt': 4999, 'currency': 'USD'}, 'cut': 0}}, {'timestamp': '2023-06-29T22:08:11+02:00', 'shop': {'id': 61, 'name': 'Steam'}, 'deal': {'price': {'amount': 29.99, 'amountInt': 2999, 'currency': 'USD'}, 'regular': {'amount': 49.99, 'amountInt': 4999, 'currency': 'USD'}, 'cut': 40}}, {'timestamp': '2023-06-15T19:21:22+02:00', 'shop': {'id': 61, 'name': 'Steam'}, 'deal': {'price': {'amount': 49.99, 'amountInt': 4999, 'currency': 'USD'}, 'regular': {'amount': 49.99, 'amountInt': 4999, 'currency': 'USD'}, 'cut': 0}}, {'timestamp': '2023-03-16T19:53:22+01:00', 'shop': {'id': 61, 'name': 'Steam'}, 'deal': {'price': {'amount': 29.99, 'amountInt': 2999, 'currency': 'USD'}, 'regular': {'amount': 49.99, 'amountInt': 4999, 'currency': 'USD'}, 'cut': 40}}, {'timestamp': '2023-02-02T19:25:10+01:00', 'shop': {'id': 61, 'name': 'Steam'}, 'deal': {'price': {'amount': 49.99, 'amountInt': 4999, 'currency': 'USD'}, 'regular': {'amount': 49.99, 'amountInt': 4999, 'currency': 'USD'}, 'cut': 0}}, {'timestamp': '2023-01-21T19:03:22+01:00', 'shop': {'id': 61, 'name': 'Steam'}, 'deal': {'price': {'amount': 29.99, 'amountInt': 2999, 'currency': 'USD'}, 'regular': {'amount': 49.99, 'amountInt': 4999, 'currency': 'USD'}, 'cut': 40}}, {'timestamp': '2023-01-05T19:20:12+01:00', 'shop': {'id': 61, 'name': 'Steam'}, 'deal': {'price': {'amount': 49.99, 'amountInt': 4999, 'currency': 'USD'}, 'regular': {'amount': 49.99, 'amountInt': 4999, 'currency': 'USD'}, 'cut': 0}}, {'timestamp': '2022-12-15T19:49:42+01:00', 'shop': {'id': 61, 'name': 'Steam'}, 'deal': {'price': {'amount': 29.99, 'amountInt': 2999, 'currency': 'USD'}, 'regular': {'amount': 49.99, 'amountInt': 4999, 'currency': 'USD'}, 'cut': 40}}, {'timestamp': '2022-12-15T19:39:47+01:00', 'shop': {'id': 61, 'name': 'Steam'}, 'deal': {'price': {'amount': 37.49, 'amountInt': 3749, 'currency': 'USD'}, 'regular': {'amount': 49.99, 'amountInt': 4999, 'currency': 'USD'}, 'cut': 25}}, {'timestamp': '2022-11-29T21:55:21+01:00', 'shop': {'id': 61, 'name': 'Steam'}, 'deal': {'price': {'amount': 49.99, 'amountInt': 4999, 'currency': 'USD'}, 'regular': {'amount': 49.99, 'amountInt': 4999, 'currency': 'USD'}, 'cut': 0}}, {'timestamp': '2022-11-22T23:42:32+01:00', 'shop': {'id': 61, 'name': 'Steam'}, 'deal': {'price': {'amount': 37.49, 'amountInt': 3749, 'currency': 'USD'}, 'regular': {'amount': 49.99, 'amountInt': 4999, 'currency': 'USD'}, 'cut': 25}}, {'timestamp': '2022-10-31T19:05:50+01:00', 'shop': {'id': 61, 'name': 'Steam'}, 'deal': {'price': {'amount': 49.99, 'amountInt': 4999, 'currency': 'USD'}, 'regular': {'amount': 49.99, 'amountInt': 4999, 'currency': 'USD'}, 'cut': 0}}, {'timestamp': '2022-10-24T19:37:37+02:00', 'shop': {'id': 61, 'name': 'Steam'}, 'deal': {'price': {'amount': 39.99, 'amountInt': 3999, 'currency': 'USD'}, 'regular': {'amount': 49.99, 'amountInt': 4999, 'currency': 'USD'}, 'cut': 20}}, {'timestamp': '2022-09-22T17:18:54+02:00', 'shop': {'id': 61, 'name': 'Steam'}, 'deal': {'price': {'amount': 49.99, 'amountInt': 4999, 'currency': 'USD'}, 'regular': {'amount': 49.99, 'amountInt': 4999, 'currency': 'USD'}, 'cut': 0}}, {'timestamp': '2022-09-15T17:18:15+02:00', 'shop': {'id': 61, 'name': 'Steam'}, 'deal': {'price': {'amount': 39.99, 'amountInt': 3999, 'currency': 'USD'}, 'regular': {'amount': 49.99, 'amountInt': 4999, 'currency': 'USD'}, 'cut': 20}}, {'timestamp': '2022-07-07T22:17:30+02:00', 'shop': {'id': 61, 'name': 'Steam'}, 'deal': {'price': {'amount': 49.99, 'amountInt': 4999, 'currency': 'USD'}, 'regular': {'amount': 49.99, 'amountInt': 4999, 'currency': 'USD'}, 'cut': 0}}, {'timestamp': '2022-06-20T19:15:07+02:00', 'shop': {'id': 61, 'name': 'Steam'}, 'deal': {'price': {'amount': 39.99, 'amountInt': 3999, 'currency': 'USD'}, 'regular': {'amount': 49.99, 'amountInt': 4999, 'currency': 'USD'}, 'cut': 20}}, {'timestamp': '2021-10-20T17:03:11+02:00', 'shop': {'id': 61, 'name': 'Steam'}, 'deal': {'price': {'amount': 49.99, 'amountInt': 4999, 'currency': 'USD'}, 'regular': {'amount': 49.99, 'amountInt': 4999, 'currency': 'USD'}, 'cut': 0}}]"
018d937f-62d0-7301-9661-14448dd137a2,"[{'timestamp': '2022-06-09T13:30:19+02:00', 'shop': {'id': 61, 'name': 'Steam'}, 'deal': {'price': {'amount': 0, 'amountInt': 0, 'currency': 'USD'}, 'regular': {'amount': 0, 'amountInt': 0, 'currency': 'USD'}, 'cut': 0}}]"
018d979a-6b95-7029-85fe-4b10c13876bd,"[{'timestamp': '2024-02-11T07:25:20+01:00', 'shop': {'id': 61, 'name': 'Steam'}, 'deal': {'price': {'amount': 0, 'amountInt': 0, 'currency': 'USD'}, 'regular': {'amount': 0, 'amountInt': 0, 'currency': 'USD'}, 'cut': 0}}, {'timestamp': '2022-03-20T20:16:51+01:00', 'shop': {'id': 61, 'name': 'Steam'}, 'deal': {'price': {'amount': 0, 'amountInt': 0, 'currency': 'USD'}, 'regular': {'amount': 0, 'amountInt': 0, 'currency': 'USD'}, 'cut': 0}}, {'timestamp': '2022-03-12T14:16:00+01:00', 'shop': {'id': 61, 'name': 'Steam'}, 'deal': {'price': {'amount': 0, 'amountInt': 0, 'currency': 'USD'}, 'regular': {'amount': 0, 'amountInt': 0, 'currency': 'USD'}, 'cut': 0}}, {'timestamp': '2022-02-12T20:45:49+01:00', 'shop': {'id': 61, 'name': 'Steam'}, 'deal': {'price': {'amount': 0, 'amountInt': 0, 'currency': 'USD'}, 'regular': {'amount': 0, 'amountInt': 0, 'currency': 'USD'}, 'cut': 0}}, {'timestamp': '2021-05-06T01:48:41+02:00', 'shop': {'id': 61, 'name': 'Steam'}, 'deal': {'price': {'amount': 0, 'amountInt': 0, 'currency': 'USD'}, 'regular': {'amount': 0, 'amountInt': 0, 'currency': 'USD'}, 'cut': 0}}, {'timestamp': '2021-01-10T10:34:12+01:00', 'shop': {'id': 61, 'name': 'Steam'}, 'deal': {'price': {'amount': 0, 'amountInt': 0, 'currency': 'USD'}, 'regular': {'amount': 0, 'amountInt': 0, 'currency': 'USD'}, 'cut': 0}}]"
