appid,price_history
018d937f-5043-7072-8015-e9a6c4560714,"[{'timestamp': '2024-07-22T19:20:19+02:00', 'shop': {'id': 61, 'name': 'Steam'}, 'deal': {'price': {'amount': 9.99, 'amountInt': 999, 'currency': 'USD'}, 'regular': {'amount': 9.99, 'amountInt': 999, 'currency': 'USD'}, 'cut': 0}}, {'timestamp': '2024-07-15T19:21:58+02:00', 'shop': {'id': 61, 'name': 'Steam'}, 'deal': {'price': {'amount': 5.99, 'amountInt': 599, 'currency': 'USD'}, 'regular': {'amount': 9.99, 'amountInt': 999, 'currency': 'USD'}, 'cut': 40}}, {'timestamp': '2024-07-11T20:02:38+02:00', 'shop': {'id': 61, 'name': 'Steam'}, 'deal': {'price': {'amount': 9.99, 'amountInt': 999, 'currency': 'USD'}, 'regular': {'amount': 9.99, 'amountInt': 999, 'currency': 'USD'}, 'cut': 0}}, {'timestamp': '2024-06-27T20:18:10+02:00', 'shop': {'id': 61, 'name': 'Steam'}, 'deal': {'price': {'amount': 5.99, 'amountInt': 599, 'currency': 'USD'}, 'regular': {'amount': 9.99, 'amountInt': 999, 'currency': 'USD'}, 'cut': 40}}, {'timestamp': '2024-06-08T19:15:17+02:00', 'shop': {'id': 61, 'name': 'Steam'}, 'deal': {'price': {'amount': 9.99, 'amountInt': 999, 'currency': 'USD'}, 'regular': {'amount': 9.99, 'amountInt': 999, 'currency': 'USD'}, 'cut': 0}}, {'timestamp': '2024-05-25T19:18:08+02:00', 'shop': {'id': 61, 'name': 'Steam'}, 'deal': {'price': {'amount': 4.99, 'amountInt': 499, 'currency': 'USD'}, 'regular': {'amount': 9.99, 'amountInt': 999, 'currency': 'USD'}, 'cut': 50}}, {'timestamp': '2024-04-22T19:18:06+02:00', 'shop': {'id': 61, 'name': 'Steam'}, 'deal': {'price': {'amount': 9.99, 'amountInt': 999, 'currency': 'USD'}, 'regular': {'amount': 9.99, 'amountInt': 999, 'currency': 'USD'}, 'cut': 0}}, {'timestamp': '2024-04-15T19:21:50+02:00', 'shop': {'id': 61, 'name': 'Steam'}, 'deal': {'price': {'amount': 5.99, 'amountInt': 599, 'currency': 'USD'}, 'regular': {'amount': 9.99, 'amountInt': 999, 'currency': 'USD'}, 'cut': 40}}, {'timestamp': '2024-03-21T18:46:24+01:00', 'shop': {'id': 61, 'name': 'Steam'}, 'deal': {'price': {'amount': 9.99, 'amountInt': 999, 'currency': 'USD'}, 'regular': {'amount': 9.99, 'amountInt': 999, 'currency': 'USD'}, 'cut': 0}}, {'timestamp': '2024-03-14T18:50:40+01:00', 'shop': {'id': 61, 'name': 'Steam'}, 'deal': {'price': {'amount': 6.99, 'amountInt': 699, 'currency': 'USD'}, 'regular': {'amount': 9.99, 'amountInt': 999, 'currency': 'USD'}, 'cut': 30}}, {'timestamp': '2024-03-08T19:18:05+01:00', 'shop': {'id': 61, 'name': 'Steam'}, 'deal': {'price': {'amount': 9.99, 'amountInt': 999, 'currency': 'USD'}, 'regular': {'amount': 9.99, 'amountInt': 999, 'currency': 'USD'}, 'cut': 0}}, {'timestamp': '2024-02-23T19:18:18+01:00', 'shop': {'id': 61, 'name': 'Steam'}, 'deal': {'price': {'amount': 6.99, 'amountInt': 699, 'currency': 'USD'}, 'regular': {'amount': 9.99, 'amountInt': 999, 'currency': 'USD'}, 'cut': 30}}, {'timestamp': '2024-02-11T10:29:08+01:00', 'shop': {'id': 61, 'name': 'Steam'}, 'deal': {'price': {'amount': 9.99, 'amountInt': 999, 'currency': 'USD'}, 'regular': {'amount': 9.99, 'amountInt': 999, 'currency': 'USD'}, 'cut': 0}}, {'timestamp': '2024-01-24T19:42:04+01:00', 'shop': {'id': 61, 'name': 'Steam'}, 'deal': {'price': {'amount': 9.99, 'amountInt': 999, 'currency': 'USD'}, 'regular': {'amount': 9.99, 'amountInt': 999, 'currency': 'USD'}, 'cut': 0}}, {'timestamp': '2024-01-10T19:22:46+01:00', 'shop': {'id': 61, 'name': 'Steam'}, 'deal': {'price': {'amount': 6.99, 'amountInt': 699, 'currency': 'USD'}, 'regular': {'amount': 9.99, 'amountInt': 999, 'currency': 'USD'}, 'cut': 30}}, {'timestamp': '2024-01-04T21:35:46+01:00', 'shop': {'id': 61, 'name': 'Steam'}, 'deal': {'price': {'amount': 9.99, 'amountInt': 999, 'currency': 'USD'}, 'regular': {'amount': 9.99, 'amountInt': 999, 'currency': 'USD'}, 'cut': 0}}, {'timestamp': '2023-12-21T22:06:32+01:00', 'shop': {'id': 61, 'name': 'Steam'}, 'deal': {'price': {'amount': 6.99, 'amountInt': 699, 'currency': 'USD'}, 'regular': {'amount': 9.99, 'amountInt': 999, 'currency': 'USD'}, 'cut': 30}}, {'timestamp': '2023-12-11T19:44:58+01:00', 'shop': {'id': 61, 'name': 'Steam'}, 'deal': {'price': {'amount': 9.99, 'amountInt': 999, 'currency': 'USD'}, 'regular': {'amount': 9.99, 'amountInt': 999, 'currency': 'USD'}, 'cut': 0}}, {'timestamp': '2023-12-04T19:53:25+01:00', 'shop': {'id': 61, 'name': 'Steam'}, 'deal': {'price': {'amount': 6.99, 'amountInt': 699, 'currency': 'USD'}, 'regular': {'amount': 9.99, 'amountInt': 999, 'currency': 'USD'}, 'cut': 30}}, {'timestamp': '2023-11-28T21:37:43+01:00', 'shop': {'id': 61, 'name': 'Steam'}, 'deal': {'price': {'amount': 9.99, 'amountInt': 999, 'currency': 'USD'}, 'regular': {'amount': 9.99, 'amountInt': 999, 'currency': 'USD'}, 'cut': 0}}, {'timestamp': '2023-11-21T22:01:33+01:00', 'shop': {'id': 61, 'name': 'Steam'}, 'deal': {'price': {'amount': 6.99, 'amountInt': 699, 'currency': 'USD'}, 'regular': {'amount': 9.99, 'amountInt': 999, 'currency': 'USD'}, 'cut': 30}}, {'timestamp': '2023-11-04T18:20:07+01:00', 'shop': {'id': 61, 'name': 'Steam'}, 'deal': {'price': {'amount': 9.99, 'amountInt': 999, 'currency': 'USD'}, 'regular': {'amount': 9.99, 'amountInt': 999, 'currency': 'USD'}, 'cut': 0}}, {'timestamp': '2023-11-03T18:18:28+01:00', 'shop': {'id': 61, 'name': 'Steam'}, 'deal': {'price': {'amount': 6.99, 'amountInt': 699, 'currency': 'USD'}, 'regular': {'amount': 9.99, 'amountInt': 999, 'currency': 'USD'}, 'cut': 30}}, {'timestamp': '2023-10-04T19:20:26+02:00', 'shop': {'id': 61, 'name': 'Steam'}, 'deal': {'price': {'amount': 9.99, 'amountInt': 999, 'currency': 'USD'}, 'regular': {'amount': 9.99, 'amountInt': 999, 'currency': 'USD'}, 'cut': 0}}, {'timestamp': '2023-09-27T19:19:03+02:00', 'shop': {'id': 61, 'name': 'Steam'}, 'deal': {'price': {'amount': 5.99, 'amountInt': 599, 'currency': 'USD'}, 'regular': {'amount': 9.99, 'amountInt': 999, 'currency': 'USD'}, 'cut': 40}}, {'timestamp': '2023-07-31T19:50:37+02:00', 'shop': {'id': 61, 'name': 'Steam'}, 'deal': {'price': {'amount': 9.99, 'amountInt': 999, 'currency': 'USD'}, 'regular': {'amount': 9.99, 'amountInt': 999, 'currency': 'USD'}, 'cut': 0}}, {'timestamp': '2023-07-24T20:14:54+02:00', 'shop': {'id': 61, 'name': 'Steam'}, 'deal': {'price': {'amount': 6.99, 'amountInt': 699, 'currency': 'USD'}, 'regular': {'amount': 9.99, 'amountInt': 999, 'currency': 'USD'}, 'cut': 30}}, {'timestamp': '2023-07-13T21:54:23+02:00', 'shop': {'id': 61, 'name': 'Steam'}, 'deal': {'price': {'amount': 9.99, 'amountInt': 999, 'currency': 'USD'}, 'regular': {'amount': 9.99, 'amountInt': 999, 'currency': 'USD'}, 'cut': 0}}, {'timestamp': '2023-06-30T02:55:59+02:00', 'shop': {'id': 61, 'name': 'Steam'}, 'deal': {'price': {'amount': 7.49, 'amountInt': 749, 'currency': 'USD'}, 'regular': {'amount': 9.99, 'amountInt': 999, 'currency': 'USD'}, 'cut': 25}}, {'timestamp': '2023-06-24T19:15:17+02:00', 'shop': {'id': 61, 'name': 'Steam'}, 'deal': {'price': {'amount': 9.99, 'amountInt': 999, 'currency': 'USD'}, 'regular': {'amount': 9.99, 'amountInt': 999, 'currency': 'USD'}, 'cut': 0}}, {'timestamp': '2023-06-14T19:18:46+02:00', 'shop': {'id': 61, 'name': 'Steam'}, 'deal': {'price': {'amount': 7.49, 'amountInt': 749, 'currency': 'USD'}, 'regular': {'amount': 9.99, 'amountInt': 999, 'currency': 'USD'}, 'cut': 25}}, {'timestamp': '2023-05-15T19:07:23+02:00', 'shop': {'id': 61, 'name': 'Steam'}, 'deal': {'price': {'amount': 9.99, 'amountInt': 999, 'currency': 'USD'}, 'regular': {'amount': 9.99, 'amountInt': 999, 'currency': 'USD'}, 'cut': 0}}, {'timestamp': '2023-05-08T19:33:44+02:00', 'shop': {'id': 61, 'name': 'Steam'}, 'deal': {'price': {'amount': 7.49, 'amountInt': 749, 'currency': 'USD'}, 'regular': {'amount': 9.99, 'amountInt': 999, 'currency': 'USD'}, 'cut': 25}}, {'timestamp': '2023-04-06T19:03:26+02:00', 'shop': {'id': 61, 'name': 'Steam'}, 'deal': {'price': {'amount': 9.99, 'amountInt': 999, 'currency': 'USD'}, 'regular': {'amount': 9.99, 'amountInt': 999, 'currency': 'USD'}, 'cut': 0}}, {'timestamp': '2023-03-16T21:09:16+01:00', 'shop': {'id': 61, 'name': 'Steam'}, 'deal': {'price': {'amount': 7.49, 'amountInt': 749, 'currency': 'USD'}, 'regular': {'amount': 9.99, 'amountInt': 999, 'currency': 'USD'}, 'cut': 25}}, {'timestamp': '2023-02-24T19:25:16+01:00', 'shop': {'id': 61, 'name': 'Steam'}, 'deal': {'price': {'amount': 9.99, 'amountInt': 999, 'currency': 'USD'}, 'regular': {'amount': 9.99, 'amountInt': 999, 'currency': 'USD'}, 'cut': 0}}, {'timestamp': '2023-02-10T19:03:15+01:00', 'shop': {'id': 61, 'name': 'Steam'}, 'deal': {'price': {'amount': 7.49, 'amountInt': 749, 'currency': 'USD'}, 'regular': {'amount': 9.99, 'amountInt': 999, 'currency': 'USD'}, 'cut': 25}}, {'timestamp': '2023-01-05T23:37:30+01:00', 'shop': {'id': 61, 'name': 'Steam'}, 'deal': {'price': {'amount': 9.99, 'amountInt': 999, 'currency': 'USD'}, 'regular': {'amount': 9.99, 'amountInt': 999, 'currency': 'USD'}, 'cut': 0}}, {'timestamp': '2022-12-22T21:16:00+01:00', 'shop': {'id': 61, 'name': 'Steam'}, 'deal': {'price': {'amount': 7.49, 'amountInt': 749, 'currency': 'USD'}, 'regular': {'amount': 9.99, 'amountInt': 999, 'currency': 'USD'}, 'cut': 25}}, {'timestamp': '2022-12-19T19:57:08+01:00', 'shop': {'id': 61, 'name': 'Steam'}, 'deal': {'price': {'amount': 9.99, 'amountInt': 999, 'currency': 'USD'}, 'regular': {'amount': 9.99, 'amountInt': 999, 'currency': 'USD'}, 'cut': 0}}, {'timestamp': '2022-12-12T20:11:14+01:00', 'shop': {'id': 61, 'name': 'Steam'}, 'deal': {'price': {'amount': 7.99, 'amountInt': 799, 'currency': 'USD'}, 'regular': {'amount': 9.99, 'amountInt': 999, 'currency': 'USD'}, 'cut': 20}}, {'timestamp': '2022-11-29T21:47:51+01:00', 'shop': {'id': 61, 'name': 'Steam'}, 'deal': {'price': {'amount': 9.99, 'amountInt': 999, 'currency': 'USD'}, 'regular': {'amount': 9.99, 'amountInt': 999, 'currency': 'USD'}, 'cut': 0}}, {'timestamp': '2022-11-23T00:04:08+01:00', 'shop': {'id': 61, 'name': 'Steam'}, 'deal': {'price': {'amount': 7.49, 'amountInt': 749, 'currency': 'USD'}, 'regular': {'amount': 9.99, 'amountInt': 999, 'currency': 'USD'}, 'cut': 25}}, {'timestamp': '2022-11-10T18:24:57+01:00', 'shop': {'id': 61, 'name': 'Steam'}, 'deal': {'price': {'amount': 9.99, 'amountInt': 999, 'currency': 'USD'}, 'regular': {'amount': 9.99, 'amountInt': 999, 'currency': 'USD'}, 'cut': 0}}, {'timestamp': '2022-10-27T19:20:20+02:00', 'shop': {'id': 61, 'name': 'Steam'}, 'deal': {'price': {'amount': 7.99, 'amountInt': 799, 'currency': 'USD'}, 'regular': {'amount': 9.99, 'amountInt': 999, 'currency': 'USD'}, 'cut': 20}}, {'timestamp': '2022-09-29T19:19:05+02:00', 'shop': {'id': 61, 'name': 'Steam'}, 'deal': {'price': {'amount': 9.99, 'amountInt': 999, 'currency': 'USD'}, 'regular': {'amount': 9.99, 'amountInt': 999, 'currency': 'USD'}, 'cut': 0}}, {'timestamp': '2022-09-15T19:09:51+02:00', 'shop': {'id': 61, 'name': 'Steam'}, 'deal': {'price': {'amount': 7.99, 'amountInt': 799, 'currency': 'USD'}, 'regular': {'amount': 9.99, 'amountInt': 999, 'currency': 'USD'}, 'cut': 20}}, {'timestamp': '2022-08-08T19:23:16+02:00', 'shop': {'id': 61, 'name': 'Steam'}, 'deal': {'price': {'amount': 9.99, 'amountInt': 999, 'currency': 'USD'}, 'regular': {'amount': 9.99, 'amountInt': 999, 'currency': 'USD'}, 'cut': 0}}, {'timestamp': '2022-08-01T19:22:07+02:00', 'shop': {'id': 61, 'name': 'Steam'}, 'deal': {'price': {'amount': 7.99, 'amountInt': 799, 'currency': 'USD'}, 'regular': {'amount': 9.99, 'amountInt': 999, 'currency': 'USD'}, 'cut': 20}}, {'timestamp': '2022-07-07T19:04:15+02:00', 'shop': {'id': 61, 'name': 'Steam'}, 'deal': {'price': {'amount': 9.99, 'amountInt': 999, 'currency': 'USD'}, 'regular': {'amount': 9.99, 'amountInt': 999, 'currency': 'USD'}, 'cut': 0}}, {'timestamp': '2022-06-24T02:52:49+02:00', 'shop': {'id': 61, 'name': 'Steam'}, 'deal': {'price': {'amount': 7.99, 'amountInt': 799, 'currency': 'USD'}, 'regular': {'amount': 9.99, 'amountInt': 999, 'currency': 'USD'}, 'cut': 20}}, {'timestamp': '2022-05-12T19:18:52+02:00', 'shop': {'id': 61, 'name': 'Steam'}, 'deal': {'price': {'amount': 9.99, 'amountInt': 999, 'currency': 'USD'}, 'regular': {'amount': 9.99, 'amountInt': 999, 'currency': 'USD'}, 'cut': 0}}, {'timestamp': '2022-04-28T19:15:57+02:00', 'shop': {'id': 61, 'name': 'Steam'}, 'deal': {'price': {'amount': 7.99, 'amountInt': 799, 'currency': 'USD'}, 'regular': {'amount': 9.99, 'amountInt': 999, 'currency': 'USD'}, 'cut': 20}}, {'timestamp': '2022-02-03T21:30:36+01:00', 'shop': {'id': 61, 'name': 'Steam'}, 'deal': {'price': {'amount': 9.99, 'amountInt': 999, 'currency': 'USD'}, 'regular': {'amount': 9.99, 'amountInt': 999, 'currency': 'USD'}, 'cut': 0}}, {'timestamp': '2022-01-27T21:26:34+01:00', 'shop': {'id': 61, 'name': 'Steam'}, 'deal': {'price': {'amount': 7.99, 'amountInt': 799, 'currency': 'USD'}, 'regular': {'amount': 9.99, 'amountInt': 999, 'currency': 'USD'}, 'cut': 20}}, {'timestamp': '2022-01-23T19:24:33+01:00', 'shop': {'id': 61, 'name': 'Steam'}, 'deal': {'price': {'amount': 9.99, 'amountInt': 999, 'currency': 'USD'}, 'regular': {'amount': 9.99, 'amountInt': 999, 'currency': 'USD'}, 'cut': 0}}, {'timestamp': '2022-01-09T19:28:11+01:00', 'shop': {'id': 61, 'name': 'Steam'}, 'deal': {'price': {'amount': 7.99, 'amountInt': 799, 'currency': 'USD'}, 'regular': {'amount': 9.99, 'amountInt': 999, 'currency': 'USD'}, 'cut': 20}}, {'timestamp': '2021-12-17T19:18:30+01:00', 'shop': {'id': 61, 'name': 'Steam'}, 'deal': {'price': {'amount': 9.99, 'amountInt': 999, 'currency': 'USD'}, 'regular': {'amount': 9.99, 'amountInt': 999, 'currency': 'USD'}, 'cut': 0}}, {'timestamp': '2021-12-10T18:20:58+01:00', 'shop': {'id': 61, 'name': 'Steam'}, 'deal': {'price': {'amount': 7.99, 'amountInt': 799, 'currency': 'USD'}, 'regular': {'amount': 9.99, 'amountInt': 999, 'currency': 'USD'}, 'cut': 20}}]"
018d937f-2120-7243-99bd-2a9d3734a04f,"[{'timestamp': '2024-08-01T19:16:05+02:00', 'shop': {'id': 61, 'name': 'Steam'}, 'deal': {'price': {'amount': 3.74, 'amountInt': 374, 'currency': 'USD'}, 'regular': {'amount': 14.99, 'amountInt': 1499, 'currency': 'USD'}, 'cut': 75}}, {'timestamp': '2024-07-11T19:24:50+02:00', 'shop': {'id': 61, 'name': 'Steam'}, 'deal': {'price': {'amount': 14.99, 'amountInt': 1499, 'currency': 'USD'}, 'regular': {'amount': 14.99, 'amountInt': 1499, 'currency': 'USD'}, 'cut': 0}}, {'timestamp': '2024-06-27T20:18:46+02:00', 'shop': {'id': 61, 'name': 'Steam'}, 'deal': {'price': {'amount': 3.74, 'amountInt': 374, 'currency': 'USD'}, 'regular': {'amount': 14.99, 'amountInt': 1499, 'currency': 'USD'}, 'cut': 75}}, {'timestamp': '2024-06-10T19:15:37+02:00', 'shop': {'id': 61, 'name': 'Steam'}, 'deal': {'price': {'amount': 14.99, 'amountInt': 1499, 'currency': 'USD'}, 'regular': {'amount': 14.99, 'amountInt': 1499, 'currency': 'USD'}, 'cut': 0}}, {'timestamp': '2024-06-03T19:15:40+02:00', 'shop': {'id': 61, 'name': 'Steam'}, 'deal': {'price': {'amount': 3.74, 'amountInt': 374, 'currency': 'USD'}, 'regular': {'amount': 14.99, 'amountInt': 1499, 'currency': 'USD'}, 'cut': 75}}, {'timestamp': '2024-03-21T18:22:14+01:00', 'shop': {'id': 61, 'name': 'Steam'}, 'deal': {'price': {'amount': 14.99, 'amountInt': 1499, 'currency': 'USD'}, 'regular': {'amount': 14.99, 'amountInt': 1499, 'currency': 'USD'}, 'cut': 0}}, {'timestamp': '2024-03-14T18:25:08+01:00', 'shop': {'id': 61, 'name': 'Steam'}, 'deal': {'price': {'amount': 3.74, 'amountInt': 374, 'currency': 'USD'}, 'regular': {'amount': 14.99, 'amountInt': 1499, 'currency': 'USD'}, 'cut': 75}}, {'timestamp': '2024-02-12T19:19:12+01:00', 'shop': {'id': 61, 'name': 'Steam'}, 'deal': {'price': {'amount': 14.99, 'amountInt': 1499, 'currency': 'USD'}, 'regular': {'amount': 14.99, 'amountInt': 1499, 'currency': 'USD'}, 'cut': 0}}, {'timestamp': '2024-02-11T03:18:56+01:00', 'shop': {'id': 61, 'name': 'Steam'}, 'deal': {'price': {'amount': 3.74, 'amountInt': 374, 'currency': 'USD'}, 'regular': {'amount': 14.99, 'amountInt': 1499, 'currency': 'USD'}, 'cut': 75}}, {'timestamp': '2024-02-05T19:35:55+01:00', 'shop': {'id': 61, 'name': 'Steam'}, 'deal': {'price': {'amount': 3.74, 'amountInt': 374, 'currency': 'USD'}, 'regular': {'amount': 14.99, 'amountInt': 1499, 'currency': 'USD'}, 'cut': 75}}, {'timestamp': '2024-01-04T19:46:58+01:00', 'shop': {'id': 61, 'name': 'Steam'}, 'deal': {'price': {'amount': 14.99, 'amountInt': 1499, 'currency': 'USD'}, 'regular': {'amount': 14.99, 'amountInt': 1499, 'currency': 'USD'}, 'cut': 0}}, {'timestamp': '2023-12-21T20:19:42+01:00', 'shop': {'id': 61, 'name': 'Steam'}, 'deal': {'price': {'amount': 3.74, 'amountInt': 374, 'currency': 'USD'}, 'regular': {'amount': 14.99, 'amountInt': 1499, 'currency': 'USD'}, 'cut': 75}}, {'timestamp': '2023-11-28T19:08:00+01:00', 'shop': {'id': 61, 'name': 'Steam'}, 'deal': {'price': {'amount': 14.99, 'amountInt': 1499, 'currency': 'USD'}, 'regular': {'amount': 14.99, 'amountInt': 1499, 'currency': 'USD'}, 'cut': 0}}, {'timestamp': '2023-11-21T19:25:29+01:00', 'shop': {'id': 61, 'name': 'Steam'}, 'deal': {'price': {'amount': 3.74, 'amountInt': 374, 'currency': 'USD'}, 'regular': {'amount': 14.99, 'amountInt': 1499, 'currency': 'USD'}, 'cut': 75}}, {'timestamp': '2023-08-17T19:09:19+02:00', 'shop': {'id': 61, 'name': 'Steam'}, 'deal': {'price': {'amount': 14.99, 'amountInt': 1499, 'currency': 'USD'}, 'regular': {'amount': 14.99, 'amountInt': 1499, 'currency': 'USD'}, 'cut': 0}}, {'timestamp': '2023-08-10T19:21:17+02:00', 'shop': {'id': 61, 'name': 'Steam'}, 'deal': {'price': {'amount': 3.74, 'amountInt': 374, 'currency': 'USD'}, 'regular': {'amount': 14.99, 'amountInt': 1499, 'currency': 'USD'}, 'cut': 75}}, {'timestamp': '2023-07-13T19:12:35+02:00', 'shop': {'id': 61, 'name': 'Steam'}, 'deal': {'price': {'amount': 14.99, 'amountInt': 1499, 'currency': 'USD'}, 'regular': {'amount': 14.99, 'amountInt': 1499, 'currency': 'USD'}, 'cut': 0}}, {'timestamp': '2023-06-29T20:26:16+02:00', 'shop': {'id': 61, 'name': 'Steam'}, 'deal': {'price': {'amount': 3.74, 'amountInt': 374, 'currency': 'USD'}, 'regular': {'amount': 14.99, 'amountInt': 1499, 'currency': 'USD'}, 'cut': 75}}, {'timestamp': '2023-06-05T19:09:25+02:00', 'shop': {'id': 61, 'name': 'Steam'}, 'deal': {'price': {'amount': 14.99, 'amountInt': 1499, 'currency': 'USD'}, 'regular': {'amount': 14.99, 'amountInt': 1499, 'currency': 'USD'}, 'cut': 0}}, {'timestamp': '2023-05-29T20:18:17+02:00', 'shop': {'id': 61, 'name': 'Steam'}, 'deal': {'price': {'amount': 3.74, 'amountInt': 374, 'currency': 'USD'}, 'regular': {'amount': 14.99, 'amountInt': 1499, 'currency': 'USD'}, 'cut': 75}}, {'timestamp': '2023-03-23T19:51:46+01:00', 'shop': {'id': 61, 'name': 'Steam'}, 'deal': {'price': {'amount': 14.99, 'amountInt': 1499, 'currency': 'USD'}, 'regular': {'amount': 14.99, 'amountInt': 1499, 'currency': 'USD'}, 'cut': 0}}, {'timestamp': '2023-03-16T20:53:42+01:00', 'shop': {'id': 61, 'name': 'Steam'}, 'deal': {'price': {'amount': 3.74, 'amountInt': 374, 'currency': 'USD'}, 'regular': {'amount': 14.99, 'amountInt': 1499, 'currency': 'USD'}, 'cut': 75}}, {'timestamp': '2023-02-20T19:12:42+01:00', 'shop': {'id': 61, 'name': 'Steam'}, 'deal': {'price': {'amount': 14.99, 'amountInt': 1499, 'currency': 'USD'}, 'regular': {'amount': 14.99, 'amountInt': 1499, 'currency': 'USD'}, 'cut': 0}}, {'timestamp': '2023-02-13T19:18:42+01:00', 'shop': {'id': 61, 'name': 'Steam'}, 'deal': {'price': {'amount': 3.74, 'amountInt': 374, 'currency': 'USD'}, 'regular': {'amount': 14.99, 'amountInt': 1499, 'currency': 'USD'}, 'cut': 75}}, {'timestamp': '2023-01-05T19:22:57+01:00', 'shop': {'id': 61, 'name': 'Steam'}, 'deal': {'price': {'amount': 14.99, 'amountInt': 1499, 'currency': 'USD'}, 'regular': {'amount': 14.99, 'amountInt': 1499, 'currency': 'USD'}, 'cut': 0}}, {'timestamp': '2022-12-22T19:22:47+01:00', 'shop': {'id': 61, 'name': 'Steam'}, 'deal': {'price': {'amount': 3.74, 'amountInt': 374, 'currency': 'USD'}, 'regular': {'amount': 14.99, 'amountInt': 1499, 'currency': 'USD'}, 'cut': 75}}, {'timestamp': '2022-11-29T19:24:44+01:00', 'shop': {'id': 61, 'name': 'Steam'}, 'deal': {'price': {'amount': 14.99, 'amountInt': 1499, 'currency': 'USD'}, 'regular': {'amount': 14.99, 'amountInt': 1499, 'currency': 'USD'}, 'cut': 0}}, {'timestamp': '2022-11-22T23:21:44+01:00', 'shop': {'id': 61, 'name': 'Steam'}, 'deal': {'price': {'amount': 3.74, 'amountInt': 374, 'currency': 'USD'}, 'regular': {'amount': 14.99, 'amountInt': 1499, 'currency': 'USD'}, 'cut': 75}}, {'timestamp': '2022-10-10T19:39:01+02:00', 'shop': {'id': 61, 'name': 'Steam'}, 'deal': {'price': {'amount': 14.99, 'amountInt': 1499, 'currency': 'USD'}, 'regular': {'amount': 14.99, 'amountInt': 1499, 'currency': 'USD'}, 'cut': 0}}, {'timestamp': '2022-10-03T19:23:11+02:00', 'shop': {'id': 61, 'name': 'Steam'}, 'deal': {'price': {'amount': 3.74, 'amountInt': 374, 'currency': 'USD'}, 'regular': {'amount': 14.99, 'amountInt': 1499, 'currency': 'USD'}, 'cut': 75}}, {'timestamp': '2022-08-18T19:21:41+02:00', 'shop': {'id': 61, 'name': 'Steam'}, 'deal': {'price': {'amount': 14.99, 'amountInt': 1499, 'currency': 'USD'}, 'regular': {'amount': 14.99, 'amountInt': 1499, 'currency': 'USD'}, 'cut': 0}}, {'timestamp': '2022-08-11T19:19:41+02:00', 'shop': {'id': 61, 'name': 'Steam'}, 'deal': {'price': {'amount': 3.74, 'amountInt': 374, 'currency': 'USD'}, 'regular': {'amount': 14.99, 'amountInt': 1499, 'currency': 'USD'}, 'cut': 75}}, {'timestamp': '2022-07-07T20:34:40+02:00', 'shop': {'id': 61, 'name': 'Steam'}, 'deal': {'price': {'amount': 14.99, 'amountInt': 1499, 'currency': 'USD'}, 'regular': {'amount': 14.99, 'amountInt': 1499, 'currency': 'USD'}, 'cut': 0}}, {'timestamp': '2022-06-23T20:33:55+02:00', 'shop': {'id': 61, 'name': 'Steam'}, 'deal': {'price': {'amount': 3.74, 'amountInt': 374, 'currency': 'USD'}, 'regular': {'amount': 14.99, 'amountInt': 1499, 'currency': 'USD'}, 'cut': 75}}, {'timestamp': '2022-04-06T19:18:36+02:00', 'shop': {'id': 61, 'name': 'Steam'}, 'deal': {'price': {'amount': 14.99, 'amountInt': 1499, 'currency': 'USD'}, 'regular': {'amount': 14.99, 'amountInt': 1499, 'currency': 'USD'}, 'cut': 0}}, {'timestamp': '2022-04-04T19:48:48+02:00', 'shop': {'id': 61, 'name': 'Steam'}, 'deal': {'price': {'amount': 2.99, 'amountInt': 299, 'currency': 'USD'}, 'regular': {'amount': 14.99, 'amountInt': 1499, 'currency': 'USD'}, 'cut': 80}}, {'timestamp': '2022-02-28T19:54:54+01:00', 'shop': {'id': 61, 'name': 'Steam'}, 'deal': {'price': {'amount': 14.99, 'amountInt': 1499, 'currency': 'USD'}, 'regular': {'amount': 14.99, 'amountInt': 1499, 'currency': 'USD'}, 'cut': 0}}, {'timestamp': '2022-02-21T19:20:57+01:00', 'shop': {'id': 61, 'name': 'Steam'}, 'deal': {'price': {'amount': 3.74, 'amountInt': 374, 'currency': 'USD'}, 'regular': {'amount': 14.99, 'amountInt': 1499, 'currency': 'USD'}, 'cut': 75}}, {'timestamp': '2022-02-03T19:41:54+01:00', 'shop': {'id': 61, 'name': 'Steam'}, 'deal': {'price': {'amount': 14.99, 'amountInt': 1499, 'currency': 'USD'}, 'regular': {'amount': 14.99, 'amountInt': 1499, 'currency': 'USD'}, 'cut': 0}}, {'timestamp': '2022-01-27T19:13:13+01:00', 'shop': {'id': 61, 'name': 'Steam'}, 'deal': {'price': {'amount': 3.74, 'amountInt': 374, 'currency': 'USD'}, 'regular': {'amount': 14.99, 'amountInt': 1499, 'currency': 'USD'}, 'cut': 75}}, {'timestamp': '2022-01-05T19:47:06+01:00', 'shop': {'id': 61, 'name': 'Steam'}, 'deal': {'price': {'amount': 14.99, 'amountInt': 1499, 'currency': 'USD'}, 'regular': {'amount': 14.99, 'amountInt': 1499, 'currency': 'USD'}, 'cut': 0}}, {'timestamp': '2021-12-22T23:12:47+01:00', 'shop': {'id': 61, 'name': 'Steam'}, 'deal': {'price': {'amount': 3.74, 'amountInt': 374, 'currency': 'USD'}, 'regular': {'amount': 14.99, 'amountInt': 1499, 'currency': 'USD'}, 'cut': 75}}, {'timestamp': '2021-12-01T19:37:53+01:00', 'shop': {'id': 61, 'name': 'Steam'}, 'deal': {'price': {'amount': 14.99, 'amountInt': 1499, 'currency': 'USD'}, 'regular': {'amount': 14.99, 'amountInt': 1499, 'currency': 'USD'}, 'cut': 0}}, {'timestamp': '2021-11-24T19:34:36+01:00', 'shop': {'id': 61, 'name': 'Steam'}, 'deal': {'price': {'amount': 3.74, 'amountInt': 374, 'currency': 'USD'}, 'regular': {'amount': 14.99, 'amountInt': 1499, 'currency': 'USD'}, 'cut': 75}}, {'timestamp': '2021-10-18T19:06:27+02:00', 'shop': {'id': 61, 'name': 'Steam'}, 'deal': {'price': {'amount': 14.99, 'amountInt': 1499, 'currency': 'USD'}, 'regular': {'amount': 14.99, 'amountInt': 1499, 'currency': 'USD'}, 'cut': 0}}, {'timestamp': '2021-10-11T19:20:42+02:00', 'shop': {'id': 61, 'name': 'Steam'}, 'deal': {'price': {'amount': 3.74, 'amountInt': 374, 'currency': 'USD'}, 'regular': {'amount': 14.99, 'amountInt': 1499, 'currency': 'USD'}, 'cut': 75}}, {'timestamp': '2021-09-23T19:09:24+02:00', 'shop': {'id': 61, 'name': 'Steam'}, 'deal': {'price': {'amount': 14.99, 'amountInt': 1499, 'currency': 'USD'}, 'regular': {'amount': 14.99, 'amountInt': 1499, 'currency': 'USD'}, 'cut': 0}}, {'timestamp': '2021-09-16T19:15:49+02:00', 'shop': {'id': 61, 'name': 'Steam'}, 'deal': {'price': {'amount': 3.74, 'amountInt': 374, 'currency': 'USD'}, 'regular': {'amount': 14.99, 'amountInt': 1499, 'currency': 'USD'}, 'cut': 75}}, {'timestamp': '2021-07-08T20:34:39+02:00', 'shop': {'id': 61, 'name': 'Steam'}, 'deal': {'price': {'amount': 14.99, 'amountInt': 1499, 'currency': 'USD'}, 'regular': {'amount': 14.99, 'amountInt': 1499, 'currency': 'USD'}, 'cut': 0}}, {'timestamp': '2021-06-24T23:54:05+02:00', 'shop': {'id': 61, 'name': 'Steam'}, 'deal': {'price': {'amount': 3.74, 'amountInt': 374, 'currency': 'USD'}, 'regular': {'amount': 14.99, 'amountInt': 1499, 'currency': 'USD'}, 'cut': 75}}, {'timestamp': '2021-06-07T19:23:49+02:00', 'shop': {'id': 61, 'name': 'Steam'}, 'deal': {'price': {'amount': 14.99, 'amountInt': 1499, 'currency': 'USD'}, 'regular': {'amount': 14.99, 'amountInt': 1499, 'currency': 'USD'}, 'cut': 0}}, {'timestamp': '2021-05-31T19:18:45+02:00', 'shop': {'id': 61, 'name': 'Steam'}, 'deal': {'price': {'amount': 3.74, 'amountInt': 374, 'currency': 'USD'}, 'regular': {'amount': 14.99, 'amountInt': 1499, 'currency': 'USD'}, 'cut': 75}}, {'timestamp': '2021-03-27T11:29:15+01:00', 'shop': {'id': 61, 'name': 'Steam'}, 'deal': {'price': {'amount': 14.99, 'amountInt': 1499, 'currency': 'USD'}, 'regular': {'amount': 14.99, 'amountInt': 1499, 'currency': 'USD'}, 'cut': 0}}, {'timestamp': '2021-03-08T19:21:43+01:00', 'shop': {'id': 61, 'name': 'Steam'}, 'deal': {'price': {'amount': 14.99, 'amountInt': 1499, 'currency': 'USD'}, 'regular': {'amount': 14.99, 'amountInt': 1499, 'currency': 'USD'}, 'cut': 0}}, {'timestamp': '2021-03-01T19:21:16+01:00', 'shop': {'id': 61, 'name': 'Steam'}, 'deal': {'price': {'amount': 3.74, 'amountInt': 374, 'currency': 'USD'}, 'regular': {'amount': 14.99, 'amountInt': 1499, 'currency': 'USD'}, 'cut': 75}}, {'timestamp': '2021-02-15T19:26:33+01:00', 'shop': {'id': 61, 'name': 'Steam'}, 'deal': {'price': {'amount': 14.99, 'amountInt': 1499, 'currency': 'USD'}, 'regular': {'amount': 14.99, 'amountInt': 1499, 'currency': 'USD'}, 'cut': 0}}, {'timestamp': '2021-02-11T19:35:45+01:00', 'shop': {'id': 61, 'name': 'Steam'}, 'deal': {'price': {'amount': 3.74, 'amountInt': 374, 'currency': 'USD'}, 'regular': {'amount': 14.99, 'amountInt': 1499, 'currency': 'USD'}, 'cut': 75}}, {'timestamp': '2021-01-05T19:49:37+01:00', 'shop': {'id': 61, 'name': 'Steam'}, 'deal': {'price': {'amount': 14.99, 'amountInt': 1499, 'currency': 'USD'}, 'regular': {'amount': 14.99, 'amountInt': 1499, 'currency': 'USD'}, 'cut': 0}}, {'timestamp': '2020-12-22T20:05:21+01:00', 'shop': {'id': 61, 'name': 'Steam'}, 'deal': {'price': {'amount': 3.74, 'amountInt': 374, 'currency': 'USD'}, 'regular': {'amount': 14.99, 'amountInt': 1499, 'currency': 'USD'}, 'cut': 75}}, {'timestamp': '2020-12-01T19:21:53+01:00', 'shop': {'id': 61, 'name': 'Steam'}, 'deal': {'price': {'amount': 14.99, 'amountInt': 1499, 'currency': 'USD'}, 'regular': {'amount': 14.99, 'amountInt': 1499, 'currency': 'USD'}, 'cut': 0}}, {'timestamp': '2020-11-25T19:33:34+01:00', 'shop': {'id': 61, 'name': 'Steam'}, 'deal': {'price': {'amount': 3.74, 'amountInt': 374, 'currency': 'USD'}, 'regular': {'amount': 14.99, 'amountInt': 1499, 'currency': 'USD'}, 'cut': 75}}, {'timestamp': '2020-11-09T19:21:12+01:00', 'shop': {'id': 61, 'name': 'Steam'}, 'deal': {'price': {'amount': 14.99, 'amountInt': 1499, 'currency': 'USD'}, 'regular': {'amount': 14.99, 'amountInt': 1499, 'currency': 'USD'}, 'cut': 0}}, {'timestamp': '2020-11-02T19:27:26+01:00', 'shop': {'id': 61, 'name': 'Steam'}, 'deal': {'price': {'amount': 3.74, 'amountInt': 374, 'currency': 'USD'}, 'regular': {'amount': 14.99, 'amountInt': 1499, 'currency': 'USD'}, 'cut': 75}}, {'timestamp': '2020-09-21T19:22:33+02:00', 'shop': {'id': 61, 'name': 'Steam'}, 'deal': {'price': {'amount': 14.99, 'amountInt': 1499, 'currency': 'USD'}, 'regular': {'amount': 14.99, 'amountInt': 1499, 'currency': 'USD'}, 'cut': 0}}, {'timestamp': '2020-09-17T20:21:16+02:00', 'shop': {'id': 61, 'name': 'Steam'}, 'deal': {'price': {'amount': 2.99, 'amountInt': 299, 'currency': 'USD'}, 'regular': {'amount': 14.99, 'amountInt': 1499, 'currency': 'USD'}, 'cut': 80}}, {'timestamp': '2020-07-09T19:29:08+02:00', 'shop': {'id': 61, 'name': 'Steam'}, 'deal': {'price': {'amount': 14.99, 'amountInt': 1499, 'currency': 'USD'}, 'regular': {'amount': 14.99, 'amountInt': 1499, 'currency': 'USD'}, 'cut': 0}}, {'timestamp': '2020-06-25T20:35:21+02:00', 'shop': {'id': 61, 'name': 'Steam'}, 'deal': {'price': {'amount': 3.74, 'amountInt': 374, 'currency': 'USD'}, 'regular': {'amount': 14.99, 'amountInt': 1499, 'currency': 'USD'}, 'cut': 75}}, {'timestamp': '2020-06-22T19:21:42+02:00', 'shop': {'id': 61, 'name': 'Steam'}, 'deal': {'price': {'amount': 14.99, 'amountInt': 1499, 'currency': 'USD'}, 'regular': {'amount': 14.99, 'amountInt': 1499, 'currency': 'USD'}, 'cut': 0}}, {'timestamp': '2020-06-15T19:21:39+02:00', 'shop': {'id': 61, 'name': 'Steam'}, 'deal': {'price': {'amount': 3.74, 'amountInt': 374, 'currency': 'USD'}, 'regular': {'amount': 14.99, 'amountInt': 1499, 'currency': 'USD'}, 'cut': 75}}, {'timestamp': '2020-03-05T19:21:40+01:00', 'shop': {'id': 61, 'name': 'Steam'}, 'deal': {'price': {'amount': 14.99, 'amountInt': 1499, 'currency': 'USD'}, 'regular': {'amount': 14.99, 'amountInt': 1499, 'currency': 'USD'}, 'cut': 0}}, {'timestamp': '2020-03-03T19:21:30+01:00', 'shop': {'id': 61, 'name': 'Steam'}, 'deal': {'price': {'amount': 3.75, 'amountInt': 375, 'currency': 'USD'}, 'regular': {'amount': 14.99, 'amountInt': 1499, 'currency': 'USD'}, 'cut': 75}}, {'timestamp': '2020-01-02T19:41:05+01:00', 'shop': {'id': 61, 'name': 'Steam'}, 'deal': {'price': {'amount': 14.99, 'amountInt': 1499, 'currency': 'USD'}, 'regular': {'amount': 14.99, 'amountInt': 1499, 'currency': 'USD'}, 'cut': 0}}, {'timestamp': '2019-12-19T19:10:00+01:00', 'shop': {'id': 61, 'name': 'Steam'}, 'deal': {'price': {'amount': 3.74, 'amountInt': 374, 'currency': 'USD'}, 'regular': {'amount': 14.99, 'amountInt': 1499, 'currency': 'USD'}, 'cut': 75}}, {'timestamp': '2019-12-03T19:29:21+01:00', 'shop': {'id': 61, 'name': 'Steam'}, 'deal': {'price': {'amount': 14.99, 'amountInt': 1499, 'currency': 'USD'}, 'regular': {'amount': 14.99, 'amountInt': 1499, 'currency': 'USD'}, 'cut': 0}}, {'timestamp': '2019-11-26T19:12:08+01:00', 'shop': {'id': 61, 'name': 'Steam'}, 'deal': {'price': {'amount': 3.74, 'amountInt': 374, 'currency': 'USD'}, 'regular': {'amount': 14.99, 'amountInt': 1499, 'currency': 'USD'}, 'cut': 75}}, {'timestamp': '2019-10-07T19:21:38+02:00', 'shop': {'id': 61, 'name': 'Steam'}, 'deal': {'price': {'amount': 14.99, 'amountInt': 1499, 'currency': 'USD'}, 'regular': {'amount': 14.99, 'amountInt': 1499, 'currency': 'USD'}, 'cut': 0}}, {'timestamp': '2019-09-26T19:21:17+02:00', 'shop': {'id': 61, 'name': 'Steam'}, 'deal': {'price': {'amount': 3.74, 'amountInt': 374, 'currency': 'USD'}, 'regular': {'amount': 14.99, 'amountInt': 1499, 'currency': 'USD'}, 'cut': 75}}, {'timestamp': '2019-07-09T20:20:17+02:00', 'shop': {'id': 61, 'name': 'Steam'}, 'deal': {'price': {'amount': 14.99, 'amountInt': 1499, 'currency': 'USD'}, 'regular': {'amount': 14.99, 'amountInt': 1499, 'currency': 'USD'}, 'cut': 0}}, {'timestamp': '2019-06-26T05:09:27+02:00', 'shop': {'id': 61, 'name': 'Steam'}, 'deal': {'price': {'amount': 3.74, 'amountInt': 374, 'currency': 'USD'}, 'regular': {'amount': 14.99, 'amountInt': 1499, 'currency': 'USD'}, 'cut': 75}}, {'timestamp': '2019-05-13T21:04:09+02:00', 'shop': {'id': 61, 'name': 'Steam'}, 'deal': {'price': {'amount': 14.99, 'amountInt': 1499, 'currency': 'USD'}, 'regular': {'amount': 14.99, 'amountInt': 1499, 'currency': 'USD'}, 'cut': 0}}, {'timestamp': '2019-05-09T19:31:01+02:00', 'shop': {'id': 61, 'name': 'Steam'}, 'deal': {'price': {'amount': 3.74, 'amountInt': 374, 'currency': 'USD'}, 'regular': {'amount': 14.99, 'amountInt': 1499, 'currency': 'USD'}, 'cut': 75}}, {'timestamp': '2019-03-23T20:37:53+01:00', 'shop': {'id': 61, 'name': 'Steam'}, 'deal': {'price': {'amount': 14.99, 'amountInt': 1499, 'currency': 'USD'}, 'regular': {'amount': 14.99, 'amountInt': 1499, 'currency': 'USD'}, 'cut': 0}}, {'timestamp': '2019-03-21T18:42:50+01:00', 'shop': {'id': 61, 'name': 'Steam'}, 'deal': {'price': {'amount': 2.99, 'amountInt': 299, 'currency': 'USD'}, 'regular': {'amount': 14.99, 'amountInt': 1499, 'currency': 'USD'}, 'cut': 80}}, {'timestamp': '2019-02-11T22:29:33+01:00', 'shop': {'id': 61, 'name': 'Steam'}, 'deal': {'price': {'amount': 14.99, 'amountInt': 1499, 'currency': 'USD'}, 'regular': {'amount': 14.99, 'amountInt': 1499, 'currency': 'USD'}, 'cut': 0}}, {'timestamp': '2019-02-04T23:00:33+01:00', 'shop': {'id': 61, 'name': 'Steam'}, 'deal': {'price': {'amount': 3.74, 'amountInt': 374, 'currency': 'USD'}, 'regular': {'amount': 14.99, 'amountInt': 1499, 'currency': 'USD'}, 'cut': 75}}, {'timestamp': '2019-01-03T21:57:49+01:00', 'shop': {'id': 61, 'name': 'Steam'}, 'deal': {'price': {'amount': 14.99, 'amountInt': 1499, 'currency': 'USD'}, 'regular': {'amount': 14.99, 'amountInt': 1499, 'currency': 'USD'}, 'cut': 0}}, {'timestamp': '2018-12-20T19:22:38+01:00', 'shop': {'id': 61, 'name': 'Steam'}, 'deal': {'price': {'amount': 3.74, 'amountInt': 374, 'currency': 'USD'}, 'regular': {'amount': 14.99, 'amountInt': 1499, 'currency': 'USD'}, 'cut': 75}}, {'timestamp': '2018-11-27T19:54:13+01:00', 'shop': {'id': 61, 'name': 'Steam'}, 'deal': {'price': {'amount': 14.99, 'amountInt': 1499, 'currency': 'USD'}, 'regular': {'amount': 14.99, 'amountInt': 1499, 'currency': 'USD'}, 'cut': 0}}, {'timestamp': '2018-11-21T20:05:10+01:00', 'shop': {'id': 61, 'name': 'Steam'}, 'deal': {'price': {'amount': 3.74, 'amountInt': 374, 'currency': 'USD'}, 'regular': {'amount': 14.99, 'amountInt': 1499, 'currency': 'USD'}, 'cut': 75}}, {'timestamp': '2018-09-17T19:22:03+02:00', 'shop': {'id': 61, 'name': 'Steam'}, 'deal': {'price': {'amount': 14.99, 'amountInt': 1499, 'currency': 'USD'}, 'regular': {'amount': 14.99, 'amountInt': 1499, 'currency': 'USD'}, 'cut': 0}}, {'timestamp': '2018-09-10T19:04:38+02:00', 'shop': {'id': 61, 'name': 'Steam'}, 'deal': {'price': {'amount': 3.74, 'amountInt': 374, 'currency': 'USD'}, 'regular': {'amount': 14.99, 'amountInt': 1499, 'currency': 'USD'}, 'cut': 75}}, {'timestamp': '2018-08-27T19:35:52+02:00', 'shop': {'id': 61, 'name': 'Steam'}, 'deal': {'price': {'amount': 14.99, 'amountInt': 1499, 'currency': 'USD'}, 'regular': {'amount': 14.99, 'amountInt': 1499, 'currency': 'USD'}, 'cut': 0}}, {'timestamp': '2018-08-23T21:47:26+02:00', 'shop': {'id': 61, 'name': 'Steam'}, 'deal': {'price': {'amount': 3.74, 'amountInt': 374, 'currency': 'USD'}, 'regular': {'amount': 14.99, 'amountInt': 1499, 'currency': 'USD'}, 'cut': 75}}, {'timestamp': '2018-07-05T19:52:33+02:00', 'shop': {'id': 61, 'name': 'Steam'}, 'deal': {'price': {'amount': 14.99, 'amountInt': 1499, 'currency': 'USD'}, 'regular': {'amount': 14.99, 'amountInt': 1499, 'currency': 'USD'}, 'cut': 0}}, {'timestamp': '2018-06-22T02:41:24+02:00', 'shop': {'id': 61, 'name': 'Steam'}, 'deal': {'price': {'amount': 4.94, 'amountInt': 494, 'currency': 'USD'}, 'regular': {'amount': 14.99, 'amountInt': 1499, 'currency': 'USD'}, 'cut': 67}}, {'timestamp': '2018-04-16T19:50:34+02:00', 'shop': {'id': 61, 'name': 'Steam'}, 'deal': {'price': {'amount': 14.99, 'amountInt': 1499, 'currency': 'USD'}, 'regular': {'amount': 14.99, 'amountInt': 1499, 'currency': 'USD'}, 'cut': 0}}, {'timestamp': '2018-04-09T19:22:52+02:00', 'shop': {'id': 61, 'name': 'Steam'}, 'deal': {'price': {'amount': 4.94, 'amountInt': 494, 'currency': 'USD'}, 'regular': {'amount': 14.99, 'amountInt': 1499, 'currency': 'USD'}, 'cut': 67}}, {'timestamp': '2018-02-06T11:22:56+01:00', 'shop': {'id': 61, 'name': 'Steam'}, 'deal': {'price': {'amount': 14.99, 'amountInt': 1499, 'currency': 'USD'}, 'regular': {'amount': 14.99, 'amountInt': 1499, 'currency': 'USD'}, 'cut': 0}}, {'timestamp': '2018-01-30T11:20:34+01:00', 'shop': {'id': 61, 'name': 'Steam'}, 'deal': {'price': {'amount': 4.94, 'amountInt': 494, 'currency': 'USD'}, 'regular': {'amount': 14.99, 'amountInt': 1499, 'currency': 'USD'}, 'cut': 67}}, {'timestamp': '2018-01-04T20:45:42+01:00', 'shop': {'id': 61, 'name': 'Steam'}, 'deal': {'price': {'amount': 14.99, 'amountInt': 1499, 'currency': 'USD'}, 'regular': {'amount': 14.99, 'amountInt': 1499, 'currency': 'USD'}, 'cut': 0}}, {'timestamp': '2017-12-21T19:15:37+01:00', 'shop': {'id': 61, 'name': 'Steam'}, 'deal': {'price': {'amount': 4.94, 'amountInt': 494, 'currency': 'USD'}, 'regular': {'amount': 14.99, 'amountInt': 1499, 'currency': 'USD'}, 'cut': 67}}, {'timestamp': '2017-11-28T20:16:29+01:00', 'shop': {'id': 61, 'name': 'Steam'}, 'deal': {'price': {'amount': 14.99, 'amountInt': 1499, 'currency': 'USD'}, 'regular': {'amount': 14.99, 'amountInt': 1499, 'currency': 'USD'}, 'cut': 0}}, {'timestamp': '2017-11-22T19:15:40+01:00', 'shop': {'id': 61, 'name': 'Steam'}, 'deal': {'price': {'amount': 4.94, 'amountInt': 494, 'currency': 'USD'}, 'regular': {'amount': 14.99, 'amountInt': 1499, 'currency': 'USD'}, 'cut': 67}}, {'timestamp': '2017-11-01T18:46:11+01:00', 'shop': {'id': 61, 'name': 'Steam'}, 'deal': {'price': {'amount': 14.99, 'amountInt': 1499, 'currency': 'USD'}, 'regular': {'amount': 14.99, 'amountInt': 1499, 'currency': 'USD'}, 'cut': 0}}, {'timestamp': '2017-10-26T19:45:46+02:00', 'shop': {'id': 61, 'name': 'Steam'}, 'deal': {'price': {'amount': 7.49, 'amountInt': 749, 'currency': 'USD'}, 'regular': {'amount': 14.99, 'amountInt': 1499, 'currency': 'USD'}, 'cut': 50}}, {'timestamp': '2017-10-24T20:15:54+02:00', 'shop': {'id': 61, 'name': 'Steam'}, 'deal': {'price': {'amount': 14.99, 'amountInt': 1499, 'currency': 'USD'}, 'regular': {'amount': 14.99, 'amountInt': 1499, 'currency': 'USD'}, 'cut': 0}}, {'timestamp': '2017-10-22T19:15:43+02:00', 'shop': {'id': 61, 'name': 'Steam'}, 'deal': {'price': {'amount': 7.49, 'amountInt': 749, 'currency': 'USD'}, 'regular': {'amount': 14.99, 'amountInt': 1499, 'currency': 'USD'}, 'cut': 50}}, {'timestamp': '2017-07-05T20:16:04+02:00', 'shop': {'id': 61, 'name': 'Steam'}, 'deal': {'price': {'amount': 14.99, 'amountInt': 1499, 'currency': 'USD'}, 'regular': {'amount': 14.99, 'amountInt': 1499, 'currency': 'USD'}, 'cut': 0}}, {'timestamp': '2017-06-22T21:45:28+02:00', 'shop': {'id': 61, 'name': 'Steam'}, 'deal': {'price': {'amount': 7.49, 'amountInt': 749, 'currency': 'USD'}, 'regular': {'amount': 14.99, 'amountInt': 1499, 'currency': 'USD'}, 'cut': 50}}, {'timestamp': '2017-06-05T19:45:26+02:00', 'shop': {'id': 61, 'name': 'Steam'}, 'deal': {'price': {'amount': 14.99, 'amountInt': 1499, 'currency': 'USD'}, 'regular': {'amount': 14.99, 'amountInt': 1499, 'currency': 'USD'}, 'cut': 0}}, {'timestamp': '2017-06-01T19:15:35+02:00', 'shop': {'id': 61, 'name': 'Steam'}, 'deal': {'price': {'amount': 7.49, 'amountInt': 749, 'currency': 'USD'}, 'regular': {'amount': 14.99, 'amountInt': 1499, 'currency': 'USD'}, 'cut': 50}}, {'timestamp': '2017-04-07T19:16:11+02:00', 'shop': {'id': 61, 'name': 'Steam'}, 'deal': {'price': {'amount': 14.99, 'amountInt': 1499, 'currency': 'USD'}, 'regular': {'amount': 14.99, 'amountInt': 1499, 'currency': 'USD'}, 'cut': 0}}, {'timestamp': '2017-04-05T19:45:33+02:00', 'shop': {'id': 61, 'name': 'Steam'}, 'deal': {'price': {'amount': 7.49, 'amountInt': 749, 'currency': 'USD'}, 'regular': {'amount': 14.99, 'amountInt': 1499, 'currency': 'USD'}, 'cut': 50}}, {'timestamp': '2017-01-02T19:16:35+01:00', 'shop': {'id': 61, 'name': 'Steam'}, 'deal': {'price': {'amount': 14.99, 'amountInt': 1499, 'currency': 'USD'}, 'regular': {'amount': 14.99, 'amountInt': 1499, 'currency': 'USD'}, 'cut': 0}}, {'timestamp': '2016-12-22T20:15:44+01:00', 'shop': {'id': 61, 'name': 'Steam'}, 'deal': {'price': {'amount': 9.89, 'amountInt': 989, 'currency': 'USD'}, 'regular': {'amount': 14.99, 'amountInt': 1499, 'currency': 'USD'}, 'cut': 34}}, {'timestamp': '2016-11-29T19:46:07+01:00', 'shop': {'id': 61, 'name': 'Steam'}, 'deal': {'price': {'amount': 14.99, 'amountInt': 1499, 'currency': 'USD'}, 'regular': {'amount': 14.99, 'amountInt': 1499, 'currency': 'USD'}, 'cut': 0}}, {'timestamp': '2016-11-23T21:45:46+01:00', 'shop': {'id': 61, 'name': 'Steam'}, 'deal': {'price': {'amount': 9.89, 'amountInt': 989, 'currency': 'USD'}, 'regular': {'amount': 14.99, 'amountInt': 1499, 'currency': 'USD'}, 'cut': 34}}, {'timestamp': '2016-11-11T19:15:58+01:00', 'shop': {'id': 61, 'name': 'Steam'}, 'deal': {'price': {'amount': 14.99, 'amountInt': 1499, 'currency': 'USD'}, 'regular': {'amount': 14.99, 'amountInt': 1499, 'currency': 'USD'}, 'cut': 0}}, {'timestamp': '2016-11-08T19:45:36+01:00', 'shop': {'id': 61, 'name': 'Steam'}, 'deal': {'price': {'amount': 9.89, 'amountInt': 989, 'currency': 'USD'}, 'regular': {'amount': 14.99, 'amountInt': 1499, 'currency': 'USD'}, 'cut': 34}}, {'timestamp': '2016-11-01T18:45:54+01:00', 'shop': {'id': 61, 'name': 'Steam'}, 'deal': {'price': {'amount': 14.99, 'amountInt': 1499, 'currency': 'USD'}, 'regular': {'amount': 14.99, 'amountInt': 1499, 'currency': 'USD'}, 'cut': 0}}, {'timestamp': '2016-10-28T19:15:34+02:00', 'shop': {'id': 61, 'name': 'Steam'}, 'deal': {'price': {'amount': 9.89, 'amountInt': 989, 'currency': 'USD'}, 'regular': {'amount': 14.99, 'amountInt': 1499, 'currency': 'USD'}, 'cut': 34}}, {'timestamp': '2016-08-09T19:45:28+02:00', 'shop': {'id': 61, 'name': 'Steam'}, 'deal': {'price': {'amount': 14.99, 'amountInt': 1499, 'currency': 'USD'}, 'regular': {'amount': 14.99, 'amountInt': 1499, 'currency': 'USD'}, 'cut': 0}}, {'timestamp': '2016-08-02T18:45:27+02:00', 'shop': {'id': 61, 'name': 'Steam'}, 'deal': {'price': {'amount': 13.49, 'amountInt': 1349, 'currency': 'USD'}, 'regular': {'amount': 14.99, 'amountInt': 1499, 'currency': 'USD'}, 'cut': 10}}]"
018d937f-1cd5-7291-b6b7-afc2fb9a81ee,"[{'timestamp': '2024-07-29T19:22:38+02:00', 'shop': {'id': 61, 'name': 'Steam'}, 'deal': {'price': {'amount': 34.99, 'amountInt': 3499, 'currency': 'USD'}, 'regular': {'amount': 34.99, 'amountInt': 3499, 'currency': 'USD'}, 'cut': 0}}, {'timestamp': '2024-07-22T19:16:38+02:00', 'shop': {'id': 61, 'name': 'Steam'}, 'deal': {'price': {'amount': 3.49, 'amountInt': 349, 'currency': 'USD'}, 'regular': {'amount': 34.99, 'amountInt': 3499, 'currency': 'USD'}, 'cut': 90}}, {'timestamp': '2024-07-14T18:32:49+02:00', 'shop': {'id': 61, 'name': 'Steam'}, 'deal': {'price': {'amount': 34.99, 'amountInt': 3499, 'currency': 'USD'}, 'regular': {'amount': 34.99, 'amountInt': 3499, 'currency': 'USD'}, 'cut': 0}}, {'timestamp': '2024-06-27T20:18:43+02:00', 'shop': {'id': 61, 'name': 'Steam'}, 'deal': {'price': {'amount': 3.49, 'amountInt': 349, 'currency': 'USD'}, 'regular': {'amount': 34.99, 'amountInt': 3499, 'currency': 'USD'}, 'cut': 90}}, {'timestamp': '2024-06-10T19:15:28+02:00', 'shop': {'id': 61, 'name': 'Steam'}, 'deal': {'price': {'amount': 34.99, 'amountInt': 3499, 'currency': 'USD'}, 'regular': {'amount': 34.99, 'amountInt': 3499, 'currency': 'USD'}, 'cut': 0}}, {'timestamp': '2024-06-03T19:16:06+02:00', 'shop': {'id': 61, 'name': 'Steam'}, 'deal': {'price': {'amount': 3.49, 'amountInt': 349, 'currency': 'USD'}, 'regular': {'amount': 34.99, 'amountInt': 3499, 'currency': 'USD'}, 'cut': 90}}, {'timestamp': '2024-04-29T19:16:51+02:00', 'shop': {'id': 61, 'name': 'Steam'}, 'deal': {'price': {'amount': 34.99, 'amountInt': 3499, 'currency': 'USD'}, 'regular': {'amount': 34.99, 'amountInt': 3499, 'currency': 'USD'}, 'cut': 0}}, {'timestamp': '2024-04-22T19:18:16+02:00', 'shop': {'id': 61, 'name': 'Steam'}, 'deal': {'price': {'amount': 3.49, 'amountInt': 349, 'currency': 'USD'}, 'regular': {'amount': 34.99, 'amountInt': 3499, 'currency': 'USD'}, 'cut': 90}}, {'timestamp': '2024-03-21T18:19:07+01:00', 'shop': {'id': 61, 'name': 'Steam'}, 'deal': {'price': {'amount': 34.99, 'amountInt': 3499, 'currency': 'USD'}, 'regular': {'amount': 34.99, 'amountInt': 3499, 'currency': 'USD'}, 'cut': 0}}, {'timestamp': '2024-03-14T18:28:54+01:00', 'shop': {'id': 61, 'name': 'Steam'}, 'deal': {'price': {'amount': 5.24, 'amountInt': 524, 'currency': 'USD'}, 'regular': {'amount': 34.99, 'amountInt': 3499, 'currency': 'USD'}, 'cut': 85}}, {'timestamp': '2024-03-04T19:17:17+01:00', 'shop': {'id': 61, 'name': 'Steam'}, 'deal': {'price': {'amount': 34.99, 'amountInt': 3499, 'currency': 'USD'}, 'regular': {'amount': 34.99, 'amountInt': 3499, 'currency': 'USD'}, 'cut': 0}}, {'timestamp': '2024-02-26T19:19:07+01:00', 'shop': {'id': 61, 'name': 'Steam'}, 'deal': {'price': {'amount': 3.49, 'amountInt': 349, 'currency': 'USD'}, 'regular': {'amount': 34.99, 'amountInt': 3499, 'currency': 'USD'}, 'cut': 90}}, {'timestamp': '2024-02-11T01:49:41+01:00', 'shop': {'id': 61, 'name': 'Steam'}, 'deal': {'price': {'amount': 34.99, 'amountInt': 3499, 'currency': 'USD'}, 'regular': {'amount': 34.99, 'amountInt': 3499, 'currency': 'USD'}, 'cut': 0}}, {'timestamp': '2024-01-22T19:03:23+01:00', 'shop': {'id': 61, 'name': 'Steam'}, 'deal': {'price': {'amount': 34.99, 'amountInt': 3499, 'currency': 'USD'}, 'regular': {'amount': 34.99, 'amountInt': 3499, 'currency': 'USD'}, 'cut': 0}}, {'timestamp': '2024-01-15T20:06:18+01:00', 'shop': {'id': 61, 'name': 'Steam'}, 'deal': {'price': {'amount': 3.49, 'amountInt': 349, 'currency': 'USD'}, 'regular': {'amount': 34.99, 'amountInt': 3499, 'currency': 'USD'}, 'cut': 90}}, {'timestamp': '2024-01-04T19:28:22+01:00', 'shop': {'id': 61, 'name': 'Steam'}, 'deal': {'price': {'amount': 34.99, 'amountInt': 3499, 'currency': 'USD'}, 'regular': {'amount': 34.99, 'amountInt': 3499, 'currency': 'USD'}, 'cut': 0}}, {'timestamp': '2023-12-21T19:20:06+01:00', 'shop': {'id': 61, 'name': 'Steam'}, 'deal': {'price': {'amount': 3.49, 'amountInt': 349, 'currency': 'USD'}, 'regular': {'amount': 34.99, 'amountInt': 3499, 'currency': 'USD'}, 'cut': 90}}, {'timestamp': '2023-12-11T19:03:18+01:00', 'shop': {'id': 61, 'name': 'Steam'}, 'deal': {'price': {'amount': 34.99, 'amountInt': 3499, 'currency': 'USD'}, 'regular': {'amount': 34.99, 'amountInt': 3499, 'currency': 'USD'}, 'cut': 0}}, {'timestamp': '2023-12-04T19:21:39+01:00', 'shop': {'id': 61, 'name': 'Steam'}, 'deal': {'price': {'amount': 5.24, 'amountInt': 524, 'currency': 'USD'}, 'regular': {'amount': 34.99, 'amountInt': 3499, 'currency': 'USD'}, 'cut': 85}}, {'timestamp': '2023-11-28T19:13:14+01:00', 'shop': {'id': 61, 'name': 'Steam'}, 'deal': {'price': {'amount': 34.99, 'amountInt': 3499, 'currency': 'USD'}, 'regular': {'amount': 34.99, 'amountInt': 3499, 'currency': 'USD'}, 'cut': 0}}, {'timestamp': '2023-11-21T19:31:20+01:00', 'shop': {'id': 61, 'name': 'Steam'}, 'deal': {'price': {'amount': 5.24, 'amountInt': 524, 'currency': 'USD'}, 'regular': {'amount': 34.99, 'amountInt': 3499, 'currency': 'USD'}, 'cut': 85}}, {'timestamp': '2023-10-23T19:09:16+02:00', 'shop': {'id': 61, 'name': 'Steam'}, 'deal': {'price': {'amount': 34.99, 'amountInt': 3499, 'currency': 'USD'}, 'regular': {'amount': 34.99, 'amountInt': 3499, 'currency': 'USD'}, 'cut': 0}}, {'timestamp': '2023-10-16T19:21:21+02:00', 'shop': {'id': 61, 'name': 'Steam'}, 'deal': {'price': {'amount': 5.24, 'amountInt': 524, 'currency': 'USD'}, 'regular': {'amount': 34.99, 'amountInt': 3499, 'currency': 'USD'}, 'cut': 85}}, {'timestamp': '2023-09-04T19:39:24+02:00', 'shop': {'id': 61, 'name': 'Steam'}, 'deal': {'price': {'amount': 34.99, 'amountInt': 3499, 'currency': 'USD'}, 'regular': {'amount': 34.99, 'amountInt': 3499, 'currency': 'USD'}, 'cut': 0}}, {'timestamp': '2023-08-28T19:34:16+02:00', 'shop': {'id': 61, 'name': 'Steam'}, 'deal': {'price': {'amount': 6.99, 'amountInt': 699, 'currency': 'USD'}, 'regular': {'amount': 34.99, 'amountInt': 3499, 'currency': 'USD'}, 'cut': 80}}, {'timestamp': '2023-07-24T19:12:13+02:00', 'shop': {'id': 61, 'name': 'Steam'}, 'deal': {'price': {'amount': 34.99, 'amountInt': 3499, 'currency': 'USD'}, 'regular': {'amount': 34.99, 'amountInt': 3499, 'currency': 'USD'}, 'cut': 0}}, {'timestamp': '2023-07-17T19:12:13+02:00', 'shop': {'id': 61, 'name': 'Steam'}, 'deal': {'price': {'amount': 10.49, 'amountInt': 1049, 'currency': 'USD'}, 'regular': {'amount': 34.99, 'amountInt': 3499, 'currency': 'USD'}, 'cut': 70}}, {'timestamp': '2023-07-13T19:28:12+02:00', 'shop': {'id': 61, 'name': 'Steam'}, 'deal': {'price': {'amount': 34.99, 'amountInt': 3499, 'currency': 'USD'}, 'regular': {'amount': 34.99, 'amountInt': 3499, 'currency': 'USD'}, 'cut': 0}}, {'timestamp': '2023-06-29T19:17:44+02:00', 'shop': {'id': 61, 'name': 'Steam'}, 'deal': {'price': {'amount': 10.49, 'amountInt': 1049, 'currency': 'USD'}, 'regular': {'amount': 34.99, 'amountInt': 3499, 'currency': 'USD'}, 'cut': 70}}, {'timestamp': '2023-05-22T19:18:21+02:00', 'shop': {'id': 61, 'name': 'Steam'}, 'deal': {'price': {'amount': 34.99, 'amountInt': 3499, 'currency': 'USD'}, 'regular': {'amount': 34.99, 'amountInt': 3499, 'currency': 'USD'}, 'cut': 0}}, {'timestamp': '2023-05-15T19:36:23+02:00', 'shop': {'id': 61, 'name': 'Steam'}, 'deal': {'price': {'amount': 5.24, 'amountInt': 524, 'currency': 'USD'}, 'regular': {'amount': 34.99, 'amountInt': 3499, 'currency': 'USD'}, 'cut': 85}}, {'timestamp': '2023-04-10T19:24:17+02:00', 'shop': {'id': 61, 'name': 'Steam'}, 'deal': {'price': {'amount': 34.99, 'amountInt': 3499, 'currency': 'USD'}, 'regular': {'amount': 34.99, 'amountInt': 3499, 'currency': 'USD'}, 'cut': 0}}, {'timestamp': '2023-04-03T19:33:12+02:00', 'shop': {'id': 61, 'name': 'Steam'}, 'deal': {'price': {'amount': 5.24, 'amountInt': 524, 'currency': 'USD'}, 'regular': {'amount': 34.99, 'amountInt': 3499, 'currency': 'USD'}, 'cut': 85}}, {'timestamp': '2023-03-23T18:48:38+01:00', 'shop': {'id': 61, 'name': 'Steam'}, 'deal': {'price': {'amount': 34.99, 'amountInt': 3499, 'currency': 'USD'}, 'regular': {'amount': 34.99, 'amountInt': 3499, 'currency': 'USD'}, 'cut': 0}}, {'timestamp': '2023-03-16T21:09:52+01:00', 'shop': {'id': 61, 'name': 'Steam'}, 'deal': {'price': {'amount': 5.24, 'amountInt': 524, 'currency': 'USD'}, 'regular': {'amount': 34.99, 'amountInt': 3499, 'currency': 'USD'}, 'cut': 85}}, {'timestamp': '2023-02-27T19:27:17+01:00', 'shop': {'id': 61, 'name': 'Steam'}, 'deal': {'price': {'amount': 34.99, 'amountInt': 3499, 'currency': 'USD'}, 'regular': {'amount': 34.99, 'amountInt': 3499, 'currency': 'USD'}, 'cut': 0}}, {'timestamp': '2023-02-20T19:12:16+01:00', 'shop': {'id': 61, 'name': 'Steam'}, 'deal': {'price': {'amount': 5.24, 'amountInt': 524, 'currency': 'USD'}, 'regular': {'amount': 34.99, 'amountInt': 3499, 'currency': 'USD'}, 'cut': 85}}, {'timestamp': '2023-01-16T19:41:12+01:00', 'shop': {'id': 61, 'name': 'Steam'}, 'deal': {'price': {'amount': 34.99, 'amountInt': 3499, 'currency': 'USD'}, 'regular': {'amount': 34.99, 'amountInt': 3499, 'currency': 'USD'}, 'cut': 0}}, {'timestamp': '2023-01-09T19:08:44+01:00', 'shop': {'id': 61, 'name': 'Steam'}, 'deal': {'price': {'amount': 5.24, 'amountInt': 524, 'currency': 'USD'}, 'regular': {'amount': 34.99, 'amountInt': 3499, 'currency': 'USD'}, 'cut': 85}}, {'timestamp': '2023-01-05T22:19:15+01:00', 'shop': {'id': 61, 'name': 'Steam'}, 'deal': {'price': {'amount': 34.99, 'amountInt': 3499, 'currency': 'USD'}, 'regular': {'amount': 34.99, 'amountInt': 3499, 'currency': 'USD'}, 'cut': 0}}, {'timestamp': '2022-12-22T23:00:49+01:00', 'shop': {'id': 61, 'name': 'Steam'}, 'deal': {'price': {'amount': 5.24, 'amountInt': 524, 'currency': 'USD'}, 'regular': {'amount': 34.99, 'amountInt': 3499, 'currency': 'USD'}, 'cut': 85}}, {'timestamp': '2022-11-29T19:34:18+01:00', 'shop': {'id': 61, 'name': 'Steam'}, 'deal': {'price': {'amount': 34.99, 'amountInt': 3499, 'currency': 'USD'}, 'regular': {'amount': 34.99, 'amountInt': 3499, 'currency': 'USD'}, 'cut': 0}}, {'timestamp': '2022-11-22T19:34:31+01:00', 'shop': {'id': 61, 'name': 'Steam'}, 'deal': {'price': {'amount': 5.24, 'amountInt': 524, 'currency': 'USD'}, 'regular': {'amount': 34.99, 'amountInt': 3499, 'currency': 'USD'}, 'cut': 85}}, {'timestamp': '2022-11-21T19:21:56+01:00', 'shop': {'id': 61, 'name': 'Steam'}, 'deal': {'price': {'amount': 34.99, 'amountInt': 3499, 'currency': 'USD'}, 'regular': {'amount': 34.99, 'amountInt': 3499, 'currency': 'USD'}, 'cut': 0}}, {'timestamp': '2022-11-14T19:34:25+01:00', 'shop': {'id': 61, 'name': 'Steam'}, 'deal': {'price': {'amount': 5.24, 'amountInt': 524, 'currency': 'USD'}, 'regular': {'amount': 34.99, 'amountInt': 3499, 'currency': 'USD'}, 'cut': 85}}, {'timestamp': '2022-10-17T19:50:57+02:00', 'shop': {'id': 61, 'name': 'Steam'}, 'deal': {'price': {'amount': 34.99, 'amountInt': 3499, 'currency': 'USD'}, 'regular': {'amount': 34.99, 'amountInt': 3499, 'currency': 'USD'}, 'cut': 0}}, {'timestamp': '2022-10-10T19:57:01+02:00', 'shop': {'id': 61, 'name': 'Steam'}, 'deal': {'price': {'amount': 5.24, 'amountInt': 524, 'currency': 'USD'}, 'regular': {'amount': 34.99, 'amountInt': 3499, 'currency': 'USD'}, 'cut': 85}}, {'timestamp': '2022-09-05T19:33:18+02:00', 'shop': {'id': 61, 'name': 'Steam'}, 'deal': {'price': {'amount': 34.99, 'amountInt': 3499, 'currency': 'USD'}, 'regular': {'amount': 34.99, 'amountInt': 3499, 'currency': 'USD'}, 'cut': 0}}, {'timestamp': '2022-08-29T19:12:26+02:00', 'shop': {'id': 61, 'name': 'Steam'}, 'deal': {'price': {'amount': 5.24, 'amountInt': 524, 'currency': 'USD'}, 'regular': {'amount': 34.99, 'amountInt': 3499, 'currency': 'USD'}, 'cut': 85}}, {'timestamp': '2022-08-01T19:24:15+02:00', 'shop': {'id': 61, 'name': 'Steam'}, 'deal': {'price': {'amount': 34.99, 'amountInt': 3499, 'currency': 'USD'}, 'regular': {'amount': 34.99, 'amountInt': 3499, 'currency': 'USD'}, 'cut': 0}}, {'timestamp': '2022-07-25T19:12:19+02:00', 'shop': {'id': 61, 'name': 'Steam'}, 'deal': {'price': {'amount': 5.24, 'amountInt': 524, 'currency': 'USD'}, 'regular': {'amount': 34.99, 'amountInt': 3499, 'currency': 'USD'}, 'cut': 85}}, {'timestamp': '2022-07-07T19:06:26+02:00', 'shop': {'id': 61, 'name': 'Steam'}, 'deal': {'price': {'amount': 34.99, 'amountInt': 3499, 'currency': 'USD'}, 'regular': {'amount': 34.99, 'amountInt': 3499, 'currency': 'USD'}, 'cut': 0}}, {'timestamp': '2022-06-23T19:14:41+02:00', 'shop': {'id': 61, 'name': 'Steam'}, 'deal': {'price': {'amount': 5.24, 'amountInt': 524, 'currency': 'USD'}, 'regular': {'amount': 34.99, 'amountInt': 3499, 'currency': 'USD'}, 'cut': 85}}, {'timestamp': '2022-06-20T19:21:15+02:00', 'shop': {'id': 61, 'name': 'Steam'}, 'deal': {'price': {'amount': 34.99, 'amountInt': 3499, 'currency': 'USD'}, 'regular': {'amount': 34.99, 'amountInt': 3499, 'currency': 'USD'}, 'cut': 0}}, {'timestamp': '2022-06-13T19:06:16+02:00', 'shop': {'id': 61, 'name': 'Steam'}, 'deal': {'price': {'amount': 5.24, 'amountInt': 524, 'currency': 'USD'}, 'regular': {'amount': 34.99, 'amountInt': 3499, 'currency': 'USD'}, 'cut': 85}}, {'timestamp': '2022-05-16T19:25:11+02:00', 'shop': {'id': 61, 'name': 'Steam'}, 'deal': {'price': {'amount': 34.99, 'amountInt': 3499, 'currency': 'USD'}, 'regular': {'amount': 34.99, 'amountInt': 3499, 'currency': 'USD'}, 'cut': 0}}, {'timestamp': '2022-05-09T19:27:13+02:00', 'shop': {'id': 61, 'name': 'Steam'}, 'deal': {'price': {'amount': 5.24, 'amountInt': 524, 'currency': 'USD'}, 'regular': {'amount': 34.99, 'amountInt': 3499, 'currency': 'USD'}, 'cut': 85}}, {'timestamp': '2022-04-11T19:18:18+02:00', 'shop': {'id': 61, 'name': 'Steam'}, 'deal': {'price': {'amount': 34.99, 'amountInt': 3499, 'currency': 'USD'}, 'regular': {'amount': 34.99, 'amountInt': 3499, 'currency': 'USD'}, 'cut': 0}}, {'timestamp': '2022-04-04T19:24:17+02:00', 'shop': {'id': 61, 'name': 'Steam'}, 'deal': {'price': {'amount': 6.99, 'amountInt': 699, 'currency': 'USD'}, 'regular': {'amount': 34.99, 'amountInt': 3499, 'currency': 'USD'}, 'cut': 80}}, {'timestamp': '2022-03-07T19:48:19+01:00', 'shop': {'id': 61, 'name': 'Steam'}, 'deal': {'price': {'amount': 34.99, 'amountInt': 3499, 'currency': 'USD'}, 'regular': {'amount': 34.99, 'amountInt': 3499, 'currency': 'USD'}, 'cut': 0}}, {'timestamp': '2022-02-28T19:12:34+01:00', 'shop': {'id': 61, 'name': 'Steam'}, 'deal': {'price': {'amount': 5.24, 'amountInt': 524, 'currency': 'USD'}, 'regular': {'amount': 34.99, 'amountInt': 3499, 'currency': 'USD'}, 'cut': 85}}, {'timestamp': '2022-02-03T19:28:21+01:00', 'shop': {'id': 61, 'name': 'Steam'}, 'deal': {'price': {'amount': 34.99, 'amountInt': 3499, 'currency': 'USD'}, 'regular': {'amount': 34.99, 'amountInt': 3499, 'currency': 'USD'}, 'cut': 0}}, {'timestamp': '2022-01-27T22:47:45+01:00', 'shop': {'id': 61, 'name': 'Steam'}, 'deal': {'price': {'amount': 6.99, 'amountInt': 699, 'currency': 'USD'}, 'regular': {'amount': 34.99, 'amountInt': 3499, 'currency': 'USD'}, 'cut': 80}}, {'timestamp': '2022-01-17T19:28:40+01:00', 'shop': {'id': 61, 'name': 'Steam'}, 'deal': {'price': {'amount': 34.99, 'amountInt': 3499, 'currency': 'USD'}, 'regular': {'amount': 34.99, 'amountInt': 3499, 'currency': 'USD'}, 'cut': 0}}, {'timestamp': '2022-01-10T19:18:42+01:00', 'shop': {'id': 61, 'name': 'Steam'}, 'deal': {'price': {'amount': 6.99, 'amountInt': 699, 'currency': 'USD'}, 'regular': {'amount': 34.99, 'amountInt': 3499, 'currency': 'USD'}, 'cut': 80}}, {'timestamp': '2022-01-05T20:27:59+01:00', 'shop': {'id': 61, 'name': 'Steam'}, 'deal': {'price': {'amount': 34.99, 'amountInt': 3499, 'currency': 'USD'}, 'regular': {'amount': 34.99, 'amountInt': 3499, 'currency': 'USD'}, 'cut': 0}}, {'timestamp': '2021-12-22T19:13:56+01:00', 'shop': {'id': 61, 'name': 'Steam'}, 'deal': {'price': {'amount': 6.99, 'amountInt': 699, 'currency': 'USD'}, 'regular': {'amount': 34.99, 'amountInt': 3499, 'currency': 'USD'}, 'cut': 80}}, {'timestamp': '2021-12-01T19:30:54+01:00', 'shop': {'id': 61, 'name': 'Steam'}, 'deal': {'price': {'amount': 34.99, 'amountInt': 3499, 'currency': 'USD'}, 'regular': {'amount': 34.99, 'amountInt': 3499, 'currency': 'USD'}, 'cut': 0}}, {'timestamp': '2021-11-24T19:10:20+01:00', 'shop': {'id': 61, 'name': 'Steam'}, 'deal': {'price': {'amount': 6.99, 'amountInt': 699, 'currency': 'USD'}, 'regular': {'amount': 34.99, 'amountInt': 3499, 'currency': 'USD'}, 'cut': 80}}, {'timestamp': '2021-11-01T19:06:27+01:00', 'shop': {'id': 61, 'name': 'Steam'}, 'deal': {'price': {'amount': 34.99, 'amountInt': 3499, 'currency': 'USD'}, 'regular': {'amount': 34.99, 'amountInt': 3499, 'currency': 'USD'}, 'cut': 0}}, {'timestamp': '2021-10-25T19:19:39+02:00', 'shop': {'id': 61, 'name': 'Steam'}, 'deal': {'price': {'amount': 6.99, 'amountInt': 699, 'currency': 'USD'}, 'regular': {'amount': 34.99, 'amountInt': 3499, 'currency': 'USD'}, 'cut': 80}}, {'timestamp': '2021-09-13T19:41:02+02:00', 'shop': {'id': 61, 'name': 'Steam'}, 'deal': {'price': {'amount': 34.99, 'amountInt': 3499, 'currency': 'USD'}, 'regular': {'amount': 34.99, 'amountInt': 3499, 'currency': 'USD'}, 'cut': 0}}, {'timestamp': '2021-09-06T19:18:24+02:00', 'shop': {'id': 61, 'name': 'Steam'}, 'deal': {'price': {'amount': 6.99, 'amountInt': 699, 'currency': 'USD'}, 'regular': {'amount': 34.99, 'amountInt': 3499, 'currency': 'USD'}, 'cut': 80}}, {'timestamp': '2021-07-19T19:22:38+02:00', 'shop': {'id': 61, 'name': 'Steam'}, 'deal': {'price': {'amount': 34.99, 'amountInt': 3499, 'currency': 'USD'}, 'regular': {'amount': 34.99, 'amountInt': 3499, 'currency': 'USD'}, 'cut': 0}}, {'timestamp': '2021-07-12T19:12:13+02:00', 'shop': {'id': 61, 'name': 'Steam'}, 'deal': {'price': {'amount': 6.99, 'amountInt': 699, 'currency': 'USD'}, 'regular': {'amount': 34.99, 'amountInt': 3499, 'currency': 'USD'}, 'cut': 80}}, {'timestamp': '2021-07-08T19:58:21+02:00', 'shop': {'id': 61, 'name': 'Steam'}, 'deal': {'price': {'amount': 34.99, 'amountInt': 3499, 'currency': 'USD'}, 'regular': {'amount': 34.99, 'amountInt': 3499, 'currency': 'USD'}, 'cut': 0}}, {'timestamp': '2021-06-24T23:39:43+02:00', 'shop': {'id': 61, 'name': 'Steam'}, 'deal': {'price': {'amount': 6.99, 'amountInt': 699, 'currency': 'USD'}, 'regular': {'amount': 34.99, 'amountInt': 3499, 'currency': 'USD'}, 'cut': 80}}, {'timestamp': '2021-05-31T19:24:21+02:00', 'shop': {'id': 61, 'name': 'Steam'}, 'deal': {'price': {'amount': 34.99, 'amountInt': 3499, 'currency': 'USD'}, 'regular': {'amount': 34.99, 'amountInt': 3499, 'currency': 'USD'}, 'cut': 0}}, {'timestamp': '2021-05-27T19:25:16+02:00', 'shop': {'id': 61, 'name': 'Steam'}, 'deal': {'price': {'amount': 6.99, 'amountInt': 699, 'currency': 'USD'}, 'regular': {'amount': 34.99, 'amountInt': 3499, 'currency': 'USD'}, 'cut': 80}}, {'timestamp': '2021-05-03T19:19:29+02:00', 'shop': {'id': 61, 'name': 'Steam'}, 'deal': {'price': {'amount': 34.99, 'amountInt': 3499, 'currency': 'USD'}, 'regular': {'amount': 34.99, 'amountInt': 3499, 'currency': 'USD'}, 'cut': 0}}, {'timestamp': '2021-04-26T19:18:55+02:00', 'shop': {'id': 61, 'name': 'Steam'}, 'deal': {'price': {'amount': 6.99, 'amountInt': 699, 'currency': 'USD'}, 'regular': {'amount': 34.99, 'amountInt': 3499, 'currency': 'USD'}, 'cut': 80}}, {'timestamp': '2021-03-27T10:55:04+01:00', 'shop': {'id': 61, 'name': 'Steam'}, 'deal': {'price': {'amount': 34.99, 'amountInt': 3499, 'currency': 'USD'}, 'regular': {'amount': 34.99, 'amountInt': 3499, 'currency': 'USD'}, 'cut': 0}}, {'timestamp': '2021-03-08T19:21:27+01:00', 'shop': {'id': 61, 'name': 'Steam'}, 'deal': {'price': {'amount': 34.99, 'amountInt': 3499, 'currency': 'USD'}, 'regular': {'amount': 34.99, 'amountInt': 3499, 'currency': 'USD'}, 'cut': 0}}, {'timestamp': '2021-03-01T19:21:28+01:00', 'shop': {'id': 61, 'name': 'Steam'}, 'deal': {'price': {'amount': 6.99, 'amountInt': 699, 'currency': 'USD'}, 'regular': {'amount': 34.99, 'amountInt': 3499, 'currency': 'USD'}, 'cut': 80}}, {'timestamp': '2021-02-15T19:22:38+01:00', 'shop': {'id': 61, 'name': 'Steam'}, 'deal': {'price': {'amount': 34.99, 'amountInt': 3499, 'currency': 'USD'}, 'regular': {'amount': 34.99, 'amountInt': 3499, 'currency': 'USD'}, 'cut': 0}}, {'timestamp': '2021-02-11T19:58:56+01:00', 'shop': {'id': 61, 'name': 'Steam'}, 'deal': {'price': {'amount': 6.99, 'amountInt': 699, 'currency': 'USD'}, 'regular': {'amount': 34.99, 'amountInt': 3499, 'currency': 'USD'}, 'cut': 80}}, {'timestamp': '2021-01-18T19:21:22+01:00', 'shop': {'id': 61, 'name': 'Steam'}, 'deal': {'price': {'amount': 34.99, 'amountInt': 3499, 'currency': 'USD'}, 'regular': {'amount': 34.99, 'amountInt': 3499, 'currency': 'USD'}, 'cut': 0}}, {'timestamp': '2021-01-11T19:21:20+01:00', 'shop': {'id': 61, 'name': 'Steam'}, 'deal': {'price': {'amount': 6.99, 'amountInt': 699, 'currency': 'USD'}, 'regular': {'amount': 34.99, 'amountInt': 3499, 'currency': 'USD'}, 'cut': 80}}, {'timestamp': '2021-01-05T19:53:25+01:00', 'shop': {'id': 61, 'name': 'Steam'}, 'deal': {'price': {'amount': 34.99, 'amountInt': 3499, 'currency': 'USD'}, 'regular': {'amount': 34.99, 'amountInt': 3499, 'currency': 'USD'}, 'cut': 0}}, {'timestamp': '2020-12-22T20:01:17+01:00', 'shop': {'id': 61, 'name': 'Steam'}, 'deal': {'price': {'amount': 6.99, 'amountInt': 699, 'currency': 'USD'}, 'regular': {'amount': 34.99, 'amountInt': 3499, 'currency': 'USD'}, 'cut': 80}}, {'timestamp': '2020-12-01T19:21:53+01:00', 'shop': {'id': 61, 'name': 'Steam'}, 'deal': {'price': {'amount': 34.99, 'amountInt': 3499, 'currency': 'USD'}, 'regular': {'amount': 34.99, 'amountInt': 3499, 'currency': 'USD'}, 'cut': 0}}, {'timestamp': '2020-11-25T19:28:09+01:00', 'shop': {'id': 61, 'name': 'Steam'}, 'deal': {'price': {'amount': 6.99, 'amountInt': 699, 'currency': 'USD'}, 'regular': {'amount': 34.99, 'amountInt': 3499, 'currency': 'USD'}, 'cut': 80}}, {'timestamp': '2020-11-15T19:21:18+01:00', 'shop': {'id': 61, 'name': 'Steam'}, 'deal': {'price': {'amount': 34.99, 'amountInt': 3499, 'currency': 'USD'}, 'regular': {'amount': 34.99, 'amountInt': 3499, 'currency': 'USD'}, 'cut': 0}}, {'timestamp': '2020-11-05T19:21:11+01:00', 'shop': {'id': 61, 'name': 'Steam'}, 'deal': {'price': {'amount': 6.99, 'amountInt': 699, 'currency': 'USD'}, 'regular': {'amount': 34.99, 'amountInt': 3499, 'currency': 'USD'}, 'cut': 80}}, {'timestamp': '2020-11-02T19:26:11+01:00', 'shop': {'id': 61, 'name': 'Steam'}, 'deal': {'price': {'amount': 34.99, 'amountInt': 3499, 'currency': 'USD'}, 'regular': {'amount': 34.99, 'amountInt': 3499, 'currency': 'USD'}, 'cut': 0}}, {'timestamp': '2020-10-29T18:07:42+01:00', 'shop': {'id': 61, 'name': 'Steam'}, 'deal': {'price': {'amount': 6.99, 'amountInt': 699, 'currency': 'USD'}, 'regular': {'amount': 34.99, 'amountInt': 3499, 'currency': 'USD'}, 'cut': 80}}, {'timestamp': '2020-09-14T19:21:34+02:00', 'shop': {'id': 61, 'name': 'Steam'}, 'deal': {'price': {'amount': 34.99, 'amountInt': 3499, 'currency': 'USD'}, 'regular': {'amount': 34.99, 'amountInt': 3499, 'currency': 'USD'}, 'cut': 0}}, {'timestamp': '2020-09-07T19:22:05+02:00', 'shop': {'id': 61, 'name': 'Steam'}, 'deal': {'price': {'amount': 6.99, 'amountInt': 699, 'currency': 'USD'}, 'regular': {'amount': 34.99, 'amountInt': 3499, 'currency': 'USD'}, 'cut': 80}}, {'timestamp': '2020-07-20T19:22:08+02:00', 'shop': {'id': 61, 'name': 'Steam'}, 'deal': {'price': {'amount': 34.99, 'amountInt': 3499, 'currency': 'USD'}, 'regular': {'amount': 34.99, 'amountInt': 3499, 'currency': 'USD'}, 'cut': 0}}, {'timestamp': '2020-07-13T19:21:16+02:00', 'shop': {'id': 61, 'name': 'Steam'}, 'deal': {'price': {'amount': 6.99, 'amountInt': 699, 'currency': 'USD'}, 'regular': {'amount': 34.99, 'amountInt': 3499, 'currency': 'USD'}, 'cut': 80}}, {'timestamp': '2020-07-09T19:34:20+02:00', 'shop': {'id': 61, 'name': 'Steam'}, 'deal': {'price': {'amount': 34.99, 'amountInt': 3499, 'currency': 'USD'}, 'regular': {'amount': 34.99, 'amountInt': 3499, 'currency': 'USD'}, 'cut': 0}}, {'timestamp': '2020-06-25T20:27:49+02:00', 'shop': {'id': 61, 'name': 'Steam'}, 'deal': {'price': {'amount': 6.99, 'amountInt': 699, 'currency': 'USD'}, 'regular': {'amount': 34.99, 'amountInt': 3499, 'currency': 'USD'}, 'cut': 80}}, {'timestamp': '2020-05-25T19:21:21+02:00', 'shop': {'id': 61, 'name': 'Steam'}, 'deal': {'price': {'amount': 34.99, 'amountInt': 3499, 'currency': 'USD'}, 'regular': {'amount': 34.99, 'amountInt': 3499, 'currency': 'USD'}, 'cut': 0}}, {'timestamp': '2020-05-18T19:21:46+02:00', 'shop': {'id': 61, 'name': 'Steam'}, 'deal': {'price': {'amount': 6.99, 'amountInt': 699, 'currency': 'USD'}, 'regular': {'amount': 34.99, 'amountInt': 3499, 'currency': 'USD'}, 'cut': 80}}, {'timestamp': '2020-04-06T19:21:26+02:00', 'shop': {'id': 61, 'name': 'Steam'}, 'deal': {'price': {'amount': 34.99, 'amountInt': 3499, 'currency': 'USD'}, 'regular': {'amount': 34.99, 'amountInt': 3499, 'currency': 'USD'}, 'cut': 0}}, {'timestamp': '2020-03-30T19:21:46+02:00', 'shop': {'id': 61, 'name': 'Steam'}, 'deal': {'price': {'amount': 6.99, 'amountInt': 699, 'currency': 'USD'}, 'regular': {'amount': 34.99, 'amountInt': 3499, 'currency': 'USD'}, 'cut': 80}}, {'timestamp': '2020-02-17T19:21:14+01:00', 'shop': {'id': 61, 'name': 'Steam'}, 'deal': {'price': {'amount': 34.99, 'amountInt': 3499, 'currency': 'USD'}, 'regular': {'amount': 34.99, 'amountInt': 3499, 'currency': 'USD'}, 'cut': 0}}, {'timestamp': '2020-02-10T19:21:28+01:00', 'shop': {'id': 61, 'name': 'Steam'}, 'deal': {'price': {'amount': 6.99, 'amountInt': 699, 'currency': 'USD'}, 'regular': {'amount': 34.99, 'amountInt': 3499, 'currency': 'USD'}, 'cut': 80}}, {'timestamp': '2020-01-27T19:28:13+01:00', 'shop': {'id': 61, 'name': 'Steam'}, 'deal': {'price': {'amount': 34.99, 'amountInt': 3499, 'currency': 'USD'}, 'regular': {'amount': 34.99, 'amountInt': 3499, 'currency': 'USD'}, 'cut': 0}}, {'timestamp': '2020-01-23T19:24:59+01:00', 'shop': {'id': 61, 'name': 'Steam'}, 'deal': {'price': {'amount': 6.99, 'amountInt': 699, 'currency': 'USD'}, 'regular': {'amount': 34.99, 'amountInt': 3499, 'currency': 'USD'}, 'cut': 80}}, {'timestamp': '2020-01-02T19:42:27+01:00', 'shop': {'id': 61, 'name': 'Steam'}, 'deal': {'price': {'amount': 34.99, 'amountInt': 3499, 'currency': 'USD'}, 'regular': {'amount': 34.99, 'amountInt': 3499, 'currency': 'USD'}, 'cut': 0}}, {'timestamp': '2019-12-19T19:10:00+01:00', 'shop': {'id': 61, 'name': 'Steam'}, 'deal': {'price': {'amount': 6.99, 'amountInt': 699, 'currency': 'USD'}, 'regular': {'amount': 34.99, 'amountInt': 3499, 'currency': 'USD'}, 'cut': 80}}, {'timestamp': '2019-12-16T19:21:47+01:00', 'shop': {'id': 61, 'name': 'Steam'}, 'deal': {'price': {'amount': 34.99, 'amountInt': 3499, 'currency': 'USD'}, 'regular': {'amount': 34.99, 'amountInt': 3499, 'currency': 'USD'}, 'cut': 0}}, {'timestamp': '2019-12-09T19:21:30+01:00', 'shop': {'id': 61, 'name': 'Steam'}, 'deal': {'price': {'amount': 6.99, 'amountInt': 699, 'currency': 'USD'}, 'regular': {'amount': 34.99, 'amountInt': 3499, 'currency': 'USD'}, 'cut': 80}}, {'timestamp': '2019-12-03T19:29:21+01:00', 'shop': {'id': 61, 'name': 'Steam'}, 'deal': {'price': {'amount': 34.99, 'amountInt': 3499, 'currency': 'USD'}, 'regular': {'amount': 34.99, 'amountInt': 3499, 'currency': 'USD'}, 'cut': 0}}, {'timestamp': '2019-11-26T19:11:26+01:00', 'shop': {'id': 61, 'name': 'Steam'}, 'deal': {'price': {'amount': 6.99, 'amountInt': 699, 'currency': 'USD'}, 'regular': {'amount': 34.99, 'amountInt': 3499, 'currency': 'USD'}, 'cut': 80}}, {'timestamp': '2019-10-28T18:29:35+01:00', 'shop': {'id': 61, 'name': 'Steam'}, 'deal': {'price': {'amount': 34.99, 'amountInt': 3499, 'currency': 'USD'}, 'regular': {'amount': 34.99, 'amountInt': 3499, 'currency': 'USD'}, 'cut': 0}}, {'timestamp': '2019-10-21T19:21:11+02:00', 'shop': {'id': 61, 'name': 'Steam'}, 'deal': {'price': {'amount': 5.24, 'amountInt': 524, 'currency': 'USD'}, 'regular': {'amount': 34.99, 'amountInt': 3499, 'currency': 'USD'}, 'cut': 85}}, {'timestamp': '2019-09-09T19:21:17+02:00', 'shop': {'id': 61, 'name': 'Steam'}, 'deal': {'price': {'amount': 34.99, 'amountInt': 3499, 'currency': 'USD'}, 'regular': {'amount': 34.99, 'amountInt': 3499, 'currency': 'USD'}, 'cut': 0}}, {'timestamp': '2019-09-02T19:22:10+02:00', 'shop': {'id': 61, 'name': 'Steam'}, 'deal': {'price': {'amount': 5.24, 'amountInt': 524, 'currency': 'USD'}, 'regular': {'amount': 34.99, 'amountInt': 3499, 'currency': 'USD'}, 'cut': 85}}, {'timestamp': '2019-07-22T20:45:18+02:00', 'shop': {'id': 61, 'name': 'Steam'}, 'deal': {'price': {'amount': 34.99, 'amountInt': 3499, 'currency': 'USD'}, 'regular': {'amount': 34.99, 'amountInt': 3499, 'currency': 'USD'}, 'cut': 0}}, {'timestamp': '2019-07-18T19:09:39+02:00', 'shop': {'id': 61, 'name': 'Steam'}, 'deal': {'price': {'amount': 6.99, 'amountInt': 699, 'currency': 'USD'}, 'regular': {'amount': 34.99, 'amountInt': 3499, 'currency': 'USD'}, 'cut': 80}}, {'timestamp': '2019-07-09T21:28:31+02:00', 'shop': {'id': 61, 'name': 'Steam'}, 'deal': {'price': {'amount': 34.99, 'amountInt': 3499, 'currency': 'USD'}, 'regular': {'amount': 34.99, 'amountInt': 3499, 'currency': 'USD'}, 'cut': 0}}, {'timestamp': '2019-06-25T20:44:57+02:00', 'shop': {'id': 61, 'name': 'Steam'}, 'deal': {'price': {'amount': 6.29, 'amountInt': 629, 'currency': 'USD'}, 'regular': {'amount': 34.99, 'amountInt': 3499, 'currency': 'USD'}, 'cut': 82}}, {'timestamp': '2019-06-04T20:06:29+02:00', 'shop': {'id': 61, 'name': 'Steam'}, 'deal': {'price': {'amount': 34.99, 'amountInt': 3499, 'currency': 'USD'}, 'regular': {'amount': 34.99, 'amountInt': 3499, 'currency': 'USD'}, 'cut': 0}}, {'timestamp': '2019-05-28T19:07:58+02:00', 'shop': {'id': 61, 'name': 'Steam'}, 'deal': {'price': {'amount': 5.24, 'amountInt': 524, 'currency': 'USD'}, 'regular': {'amount': 34.99, 'amountInt': 3499, 'currency': 'USD'}, 'cut': 85}}, {'timestamp': '2019-03-17T22:50:04+01:00', 'shop': {'id': 61, 'name': 'Steam'}, 'deal': {'price': {'amount': 34.99, 'amountInt': 3499, 'currency': 'USD'}, 'regular': {'amount': 34.99, 'amountInt': 3499, 'currency': 'USD'}, 'cut': 0}}, {'timestamp': '2019-03-14T18:12:11+01:00', 'shop': {'id': 61, 'name': 'Steam'}, 'deal': {'price': {'amount': 6.99, 'amountInt': 699, 'currency': 'USD'}, 'regular': {'amount': 34.99, 'amountInt': 3499, 'currency': 'USD'}, 'cut': 80}}, {'timestamp': '2019-02-25T19:33:40+01:00', 'shop': {'id': 61, 'name': 'Steam'}, 'deal': {'price': {'amount': 34.99, 'amountInt': 3499, 'currency': 'USD'}, 'regular': {'amount': 34.99, 'amountInt': 3499, 'currency': 'USD'}, 'cut': 0}}, {'timestamp': '2019-02-23T12:02:52+01:00', 'shop': {'id': 61, 'name': 'Steam'}, 'deal': {'price': {'amount': 6.99, 'amountInt': 699, 'currency': 'USD'}, 'regular': {'amount': 34.99, 'amountInt': 3499, 'currency': 'USD'}, 'cut': 80}}, {'timestamp': '2019-02-11T21:01:39+01:00', 'shop': {'id': 61, 'name': 'Steam'}, 'deal': {'price': {'amount': 34.99, 'amountInt': 3499, 'currency': 'USD'}, 'regular': {'amount': 34.99, 'amountInt': 3499, 'currency': 'USD'}, 'cut': 0}}, {'timestamp': '2019-02-04T23:25:31+01:00', 'shop': {'id': 61, 'name': 'Steam'}, 'deal': {'price': {'amount': 6.29, 'amountInt': 629, 'currency': 'USD'}, 'regular': {'amount': 34.99, 'amountInt': 3499, 'currency': 'USD'}, 'cut': 82}}, {'timestamp': '2019-01-03T23:23:28+01:00', 'shop': {'id': 61, 'name': 'Steam'}, 'deal': {'price': {'amount': 34.99, 'amountInt': 3499, 'currency': 'USD'}, 'regular': {'amount': 34.99, 'amountInt': 3499, 'currency': 'USD'}, 'cut': 0}}, {'timestamp': '2018-12-20T23:01:49+01:00', 'shop': {'id': 61, 'name': 'Steam'}, 'deal': {'price': {'amount': 6.29, 'amountInt': 629, 'currency': 'USD'}, 'regular': {'amount': 34.99, 'amountInt': 3499, 'currency': 'USD'}, 'cut': 82}}, {'timestamp': '2018-12-10T20:25:12+01:00', 'shop': {'id': 61, 'name': 'Steam'}, 'deal': {'price': {'amount': 34.99, 'amountInt': 3499, 'currency': 'USD'}, 'regular': {'amount': 34.99, 'amountInt': 3499, 'currency': 'USD'}, 'cut': 0}}, {'timestamp': '2018-12-03T20:01:09+01:00', 'shop': {'id': 61, 'name': 'Steam'}, 'deal': {'price': {'amount': 6.29, 'amountInt': 629, 'currency': 'USD'}, 'regular': {'amount': 34.99, 'amountInt': 3499, 'currency': 'USD'}, 'cut': 82}}, {'timestamp': '2018-11-27T20:33:51+01:00', 'shop': {'id': 61, 'name': 'Steam'}, 'deal': {'price': {'amount': 34.99, 'amountInt': 3499, 'currency': 'USD'}, 'regular': {'amount': 34.99, 'amountInt': 3499, 'currency': 'USD'}, 'cut': 0}}, {'timestamp': '2018-11-21T19:43:39+01:00', 'shop': {'id': 61, 'name': 'Steam'}, 'deal': {'price': {'amount': 6.29, 'amountInt': 629, 'currency': 'USD'}, 'regular': {'amount': 34.99, 'amountInt': 3499, 'currency': 'USD'}, 'cut': 82}}, {'timestamp': '2018-11-01T18:47:30+01:00', 'shop': {'id': 61, 'name': 'Steam'}, 'deal': {'price': {'amount': 34.99, 'amountInt': 3499, 'currency': 'USD'}, 'regular': {'amount': 34.99, 'amountInt': 3499, 'currency': 'USD'}, 'cut': 0}}, {'timestamp': '2018-10-30T03:22:20+01:00', 'shop': {'id': 61, 'name': 'Steam'}, 'deal': {'price': {'amount': 6.99, 'amountInt': 699, 'currency': 'USD'}, 'regular': {'amount': 34.99, 'amountInt': 3499, 'currency': 'USD'}, 'cut': 80}}, {'timestamp': '2018-10-15T19:32:04+02:00', 'shop': {'id': 61, 'name': 'Steam'}, 'deal': {'price': {'amount': 34.99, 'amountInt': 3499, 'currency': 'USD'}, 'regular': {'amount': 34.99, 'amountInt': 3499, 'currency': 'USD'}, 'cut': 0}}, {'timestamp': '2018-10-11T21:52:25+02:00', 'shop': {'id': 61, 'name': 'Steam'}, 'deal': {'price': {'amount': 5.24, 'amountInt': 524, 'currency': 'USD'}, 'regular': {'amount': 34.99, 'amountInt': 3499, 'currency': 'USD'}, 'cut': 85}}, {'timestamp': '2018-08-13T19:49:16+02:00', 'shop': {'id': 61, 'name': 'Steam'}, 'deal': {'price': {'amount': 34.99, 'amountInt': 3499, 'currency': 'USD'}, 'regular': {'amount': 34.99, 'amountInt': 3499, 'currency': 'USD'}, 'cut': 0}}, {'timestamp': '2018-08-09T23:53:00+02:00', 'shop': {'id': 61, 'name': 'Steam'}, 'deal': {'price': {'amount': 5.24, 'amountInt': 524, 'currency': 'USD'}, 'regular': {'amount': 34.99, 'amountInt': 3499, 'currency': 'USD'}, 'cut': 85}}, {'timestamp': '2018-07-05T22:59:22+02:00', 'shop': {'id': 61, 'name': 'Steam'}, 'deal': {'price': {'amount': 34.99, 'amountInt': 3499, 'currency': 'USD'}, 'regular': {'amount': 34.99, 'amountInt': 3499, 'currency': 'USD'}, 'cut': 0}}, {'timestamp': '2018-06-21T19:51:54+02:00', 'shop': {'id': 61, 'name': 'Steam'}, 'deal': {'price': {'amount': 5.24, 'amountInt': 524, 'currency': 'USD'}, 'regular': {'amount': 34.99, 'amountInt': 3499, 'currency': 'USD'}, 'cut': 85}}, {'timestamp': '2018-04-30T21:22:33+02:00', 'shop': {'id': 61, 'name': 'Steam'}, 'deal': {'price': {'amount': 34.99, 'amountInt': 3499, 'currency': 'USD'}, 'regular': {'amount': 34.99, 'amountInt': 3499, 'currency': 'USD'}, 'cut': 0}}, {'timestamp': '2018-04-29T21:19:33+02:00', 'shop': {'id': 61, 'name': 'Steam'}, 'deal': {'price': {'amount': 6.99, 'amountInt': 699, 'currency': 'USD'}, 'regular': {'amount': 34.99, 'amountInt': 3499, 'currency': 'USD'}, 'cut': 80}}, {'timestamp': '2018-02-26T23:24:04+01:00', 'shop': {'id': 61, 'name': 'Steam'}, 'deal': {'price': {'amount': 34.99, 'amountInt': 3499, 'currency': 'USD'}, 'regular': {'amount': 34.99, 'amountInt': 3499, 'currency': 'USD'}, 'cut': 0}}, {'timestamp': '2018-02-19T22:49:07+01:00', 'shop': {'id': 61, 'name': 'Steam'}, 'deal': {'price': {'amount': 6.29, 'amountInt': 629, 'currency': 'USD'}, 'regular': {'amount': 34.99, 'amountInt': 3499, 'currency': 'USD'}, 'cut': 82}}, {'timestamp': '2018-01-04T21:45:32+01:00', 'shop': {'id': 61, 'name': 'Steam'}, 'deal': {'price': {'amount': 34.99, 'amountInt': 3499, 'currency': 'USD'}, 'regular': {'amount': 34.99, 'amountInt': 3499, 'currency': 'USD'}, 'cut': 0}}, {'timestamp': '2017-12-21T21:45:30+01:00', 'shop': {'id': 61, 'name': 'Steam'}, 'deal': {'price': {'amount': 6.99, 'amountInt': 699, 'currency': 'USD'}, 'regular': {'amount': 34.99, 'amountInt': 3499, 'currency': 'USD'}, 'cut': 80}}, {'timestamp': '2017-11-28T21:15:51+01:00', 'shop': {'id': 61, 'name': 'Steam'}, 'deal': {'price': {'amount': 34.99, 'amountInt': 3499, 'currency': 'USD'}, 'regular': {'amount': 34.99, 'amountInt': 3499, 'currency': 'USD'}, 'cut': 0}}, {'timestamp': '2017-11-22T23:45:26+01:00', 'shop': {'id': 61, 'name': 'Steam'}, 'deal': {'price': {'amount': 6.99, 'amountInt': 699, 'currency': 'USD'}, 'regular': {'amount': 34.99, 'amountInt': 3499, 'currency': 'USD'}, 'cut': 80}}, {'timestamp': '2017-11-13T21:15:50+01:00', 'shop': {'id': 61, 'name': 'Steam'}, 'deal': {'price': {'amount': 34.99, 'amountInt': 3499, 'currency': 'USD'}, 'regular': {'amount': 34.99, 'amountInt': 3499, 'currency': 'USD'}, 'cut': 0}}, {'timestamp': '2017-11-06T23:15:43+01:00', 'shop': {'id': 61, 'name': 'Steam'}, 'deal': {'price': {'amount': 6.99, 'amountInt': 699, 'currency': 'USD'}, 'regular': {'amount': 34.99, 'amountInt': 3499, 'currency': 'USD'}, 'cut': 80}}, {'timestamp': '2017-10-09T21:45:25+02:00', 'shop': {'id': 61, 'name': 'Steam'}, 'deal': {'price': {'amount': 34.99, 'amountInt': 3499, 'currency': 'USD'}, 'regular': {'amount': 34.99, 'amountInt': 3499, 'currency': 'USD'}, 'cut': 0}}, {'timestamp': '2017-10-05T19:15:47+02:00', 'shop': {'id': 61, 'name': 'Steam'}, 'deal': {'price': {'amount': 5.24, 'amountInt': 524, 'currency': 'USD'}, 'regular': {'amount': 34.99, 'amountInt': 3499, 'currency': 'USD'}, 'cut': 85}}, {'timestamp': '2017-07-17T20:45:24+02:00', 'shop': {'id': 61, 'name': 'Steam'}, 'deal': {'price': {'amount': 34.99, 'amountInt': 3499, 'currency': 'USD'}, 'regular': {'amount': 34.99, 'amountInt': 3499, 'currency': 'USD'}, 'cut': 0}}, {'timestamp': '2017-07-10T20:45:21+02:00', 'shop': {'id': 61, 'name': 'Steam'}, 'deal': {'price': {'amount': 6.99, 'amountInt': 699, 'currency': 'USD'}, 'regular': {'amount': 34.99, 'amountInt': 3499, 'currency': 'USD'}, 'cut': 80}}, {'timestamp': '2017-07-05T22:15:48+02:00', 'shop': {'id': 61, 'name': 'Steam'}, 'deal': {'price': {'amount': 34.99, 'amountInt': 3499, 'currency': 'USD'}, 'regular': {'amount': 34.99, 'amountInt': 3499, 'currency': 'USD'}, 'cut': 0}}, {'timestamp': '2017-06-23T02:15:23+02:00', 'shop': {'id': 61, 'name': 'Steam'}, 'deal': {'price': {'amount': 6.99, 'amountInt': 699, 'currency': 'USD'}, 'regular': {'amount': 34.99, 'amountInt': 3499, 'currency': 'USD'}, 'cut': 80}}, {'timestamp': '2017-05-25T08:45:19+02:00', 'shop': {'id': 61, 'name': 'Steam'}, 'deal': {'price': {'amount': 34.99, 'amountInt': 3499, 'currency': 'USD'}, 'regular': {'amount': 34.99, 'amountInt': 3499, 'currency': 'USD'}, 'cut': 0}}, {'timestamp': '2017-05-22T22:15:32+02:00', 'shop': {'id': 61, 'name': 'Steam'}, 'deal': {'price': {'amount': 0, 'amountInt': 0, 'currency': 'USD'}, 'regular': {'amount': 0, 'amountInt': 0, 'currency': 'USD'}, 'cut': 0}}, {'timestamp': '2017-04-20T23:15:38+02:00', 'shop': {'id': 61, 'name': 'Steam'}, 'deal': {'price': {'amount': 34.99, 'amountInt': 3499, 'currency': 'USD'}, 'regular': {'amount': 34.99, 'amountInt': 3499, 'currency': 'USD'}, 'cut': 0}}, {'timestamp': '2017-04-18T19:45:27+02:00', 'shop': {'id': 61, 'name': 'Steam'}, 'deal': {'price': {'amount': 5.24, 'amountInt': 524, 'currency': 'USD'}, 'regular': {'amount': 34.99, 'amountInt': 3499, 'currency': 'USD'}, 'cut': 85}}, {'timestamp': '2017-01-23T22:45:38+01:00', 'shop': {'id': 61, 'name': 'Steam'}, 'deal': {'price': {'amount': 34.99, 'amountInt': 3499, 'currency': 'USD'}, 'regular': {'amount': 34.99, 'amountInt': 3499, 'currency': 'USD'}, 'cut': 0}}, {'timestamp': '2017-01-16T20:15:51+01:00', 'shop': {'id': 61, 'name': 'Steam'}, 'deal': {'price': {'amount': 6.99, 'amountInt': 699, 'currency': 'USD'}, 'regular': {'amount': 34.99, 'amountInt': 3499, 'currency': 'USD'}, 'cut': 80}}, {'timestamp': '2017-01-02T20:45:42+01:00', 'shop': {'id': 61, 'name': 'Steam'}, 'deal': {'price': {'amount': 34.99, 'amountInt': 3499, 'currency': 'USD'}, 'regular': {'amount': 34.99, 'amountInt': 3499, 'currency': 'USD'}, 'cut': 0}}, {'timestamp': '2016-12-22T22:15:57+01:00', 'shop': {'id': 61, 'name': 'Steam'}, 'deal': {'price': {'amount': 6.99, 'amountInt': 699, 'currency': 'USD'}, 'regular': {'amount': 34.99, 'amountInt': 3499, 'currency': 'USD'}, 'cut': 80}}, {'timestamp': '2016-11-29T20:45:32+01:00', 'shop': {'id': 61, 'name': 'Steam'}, 'deal': {'price': {'amount': 34.99, 'amountInt': 3499, 'currency': 'USD'}, 'regular': {'amount': 34.99, 'amountInt': 3499, 'currency': 'USD'}, 'cut': 0}}, {'timestamp': '2016-11-23T23:15:51+01:00', 'shop': {'id': 61, 'name': 'Steam'}, 'deal': {'price': {'amount': 6.99, 'amountInt': 699, 'currency': 'USD'}, 'regular': {'amount': 34.99, 'amountInt': 3499, 'currency': 'USD'}, 'cut': 80}}, {'timestamp': '2016-11-20T19:45:35+01:00', 'shop': {'id': 61, 'name': 'Steam'}, 'deal': {'price': {'amount': 34.99, 'amountInt': 3499, 'currency': 'USD'}, 'regular': {'amount': 34.99, 'amountInt': 3499, 'currency': 'USD'}, 'cut': 0}}, {'timestamp': '2016-11-17T21:15:46+01:00', 'shop': {'id': 61, 'name': 'Steam'}, 'deal': {'price': {'amount': 6.99, 'amountInt': 699, 'currency': 'USD'}, 'regular': {'amount': 34.99, 'amountInt': 3499, 'currency': 'USD'}, 'cut': 80}}, {'timestamp': '2016-09-26T22:15:33+02:00', 'shop': {'id': 61, 'name': 'Steam'}, 'deal': {'price': {'amount': 34.99, 'amountInt': 3499, 'currency': 'USD'}, 'regular': {'amount': 34.99, 'amountInt': 3499, 'currency': 'USD'}, 'cut': 0}}, {'timestamp': '2016-09-22T22:45:31+02:00', 'shop': {'id': 61, 'name': 'Steam'}, 'deal': {'price': {'amount': 6.99, 'amountInt': 699, 'currency': 'USD'}, 'regular': {'amount': 34.99, 'amountInt': 3499, 'currency': 'USD'}, 'cut': 80}}, {'timestamp': '2016-09-05T21:15:32+02:00', 'shop': {'id': 61, 'name': 'Steam'}, 'deal': {'price': {'amount': 34.99, 'amountInt': 3499, 'currency': 'USD'}, 'regular': {'amount': 34.99, 'amountInt': 3499, 'currency': 'USD'}, 'cut': 0}}, {'timestamp': '2016-08-29T19:45:35+02:00', 'shop': {'id': 61, 'name': 'Steam'}, 'deal': {'price': {'amount': 6.99, 'amountInt': 699, 'currency': 'USD'}, 'regular': {'amount': 34.99, 'amountInt': 3499, 'currency': 'USD'}, 'cut': 80}}, {'timestamp': '2016-07-04T18:25:26+02:00', 'shop': {'id': 61, 'name': 'Steam'}, 'deal': {'price': {'amount': 34.99, 'amountInt': 3499, 'currency': 'USD'}, 'regular': {'amount': 34.99, 'amountInt': 3499, 'currency': 'USD'}, 'cut': 0}}, {'timestamp': '2016-06-23T20:37:32+02:00', 'shop': {'id': 61, 'name': 'Steam'}, 'deal': {'price': {'amount': 8.74, 'amountInt': 874, 'currency': 'USD'}, 'regular': {'amount': 34.99, 'amountInt': 3499, 'currency': 'USD'}, 'cut': 75}}, {'timestamp': '2016-06-23T18:53:00+02:00', 'shop': {'id': 61, 'name': 'Steam'}, 'deal': {'price': {'amount': 34.99, 'amountInt': 3499, 'currency': 'USD'}, 'regular': {'amount': 34.99, 'amountInt': 3499, 'currency': 'USD'}, 'cut': 0}}, {'timestamp': '2016-06-21T19:12:18+02:00', 'shop': {'id': 61, 'name': 'Steam'}, 'deal': {'price': {'amount': 6.99, 'amountInt': 699, 'currency': 'USD'}, 'regular': {'amount': 34.99, 'amountInt': 3499, 'currency': 'USD'}, 'cut': 80}}, {'timestamp': '2016-04-04T19:17:51+02:00', 'shop': {'id': 61, 'name': 'Steam'}, 'deal': {'price': {'amount': 34.99, 'amountInt': 3499, 'currency': 'USD'}, 'regular': {'amount': 34.99, 'amountInt': 3499, 'currency': 'USD'}, 'cut': 0}}, {'timestamp': '2016-03-31T18:37:15+02:00', 'shop': {'id': 61, 'name': 'Steam'}, 'deal': {'price': {'amount': 6.99, 'amountInt': 699, 'currency': 'USD'}, 'regular': {'amount': 34.99, 'amountInt': 3499, 'currency': 'USD'}, 'cut': 80}}, {'timestamp': '2016-02-12T19:28:17+01:00', 'shop': {'id': 61, 'name': 'Steam'}, 'deal': {'price': {'amount': 34.99, 'amountInt': 3499, 'currency': 'USD'}, 'regular': {'amount': 34.99, 'amountInt': 3499, 'currency': 'USD'}, 'cut': 0}}, {'timestamp': '2016-02-05T20:24:27+01:00', 'shop': {'id': 61, 'name': 'Steam'}, 'deal': {'price': {'amount': 8.74, 'amountInt': 874, 'currency': 'USD'}, 'regular': {'amount': 34.99, 'amountInt': 3499, 'currency': 'USD'}, 'cut': 75}}, {'timestamp': '2016-01-04T19:10:11+01:00', 'shop': {'id': 61, 'name': 'Steam'}, 'deal': {'price': {'amount': 34.99, 'amountInt': 3499, 'currency': 'USD'}, 'regular': {'amount': 34.99, 'amountInt': 3499, 'currency': 'USD'}, 'cut': 0}}, {'timestamp': '2015-12-22T20:49:49+01:00', 'shop': {'id': 61, 'name': 'Steam'}, 'deal': {'price': {'amount': 8.74, 'amountInt': 874, 'currency': 'USD'}, 'regular': {'amount': 34.99, 'amountInt': 3499, 'currency': 'USD'}, 'cut': 75}}, {'timestamp': '2015-12-01T19:23:56+01:00', 'shop': {'id': 61, 'name': 'Steam'}, 'deal': {'price': {'amount': 34.99, 'amountInt': 3499, 'currency': 'USD'}, 'regular': {'amount': 34.99, 'amountInt': 3499, 'currency': 'USD'}, 'cut': 0}}, {'timestamp': '2015-11-25T19:38:15+01:00', 'shop': {'id': 61, 'name': 'Steam'}, 'deal': {'price': {'amount': 8.74, 'amountInt': 874, 'currency': 'USD'}, 'regular': {'amount': 34.99, 'amountInt': 3499, 'currency': 'USD'}, 'cut': 75}}, {'timestamp': '2015-11-10T19:08:25+01:00', 'shop': {'id': 61, 'name': 'Steam'}, 'deal': {'price': {'amount': 34.99, 'amountInt': 3499, 'currency': 'USD'}, 'regular': {'amount': 34.99, 'amountInt': 3499, 'currency': 'USD'}, 'cut': 0}}, {'timestamp': '2015-11-08T19:06:36+01:00', 'shop': {'id': 61, 'name': 'Steam'}, 'deal': {'price': {'amount': 8.74, 'amountInt': 874, 'currency': 'USD'}, 'regular': {'amount': 34.99, 'amountInt': 3499, 'currency': 'USD'}, 'cut': 75}}, {'timestamp': '2015-10-03T19:06:31+02:00', 'shop': {'id': 61, 'name': 'Steam'}, 'deal': {'price': {'amount': 34.99, 'amountInt': 3499, 'currency': 'USD'}, 'regular': {'amount': 34.99, 'amountInt': 3499, 'currency': 'USD'}, 'cut': 0}}, {'timestamp': '2015-09-26T19:11:11+02:00', 'shop': {'id': 61, 'name': 'Steam'}, 'deal': {'price': {'amount': 10.49, 'amountInt': 1049, 'currency': 'USD'}, 'regular': {'amount': 34.99, 'amountInt': 3499, 'currency': 'USD'}, 'cut': 70}}, {'timestamp': '2015-06-22T19:21:18+02:00', 'shop': {'id': 61, 'name': 'Steam'}, 'deal': {'price': {'amount': 34.99, 'amountInt': 3499, 'currency': 'USD'}, 'regular': {'amount': 34.99, 'amountInt': 3499, 'currency': 'USD'}, 'cut': 0}}, {'timestamp': '2015-06-20T19:09:23+02:00', 'shop': {'id': 61, 'name': 'Steam'}, 'deal': {'price': {'amount': 15.74, 'amountInt': 1574, 'currency': 'USD'}, 'regular': {'amount': 34.99, 'amountInt': 3499, 'currency': 'USD'}, 'cut': 55}}, {'timestamp': '2015-06-19T19:30:22+02:00', 'shop': {'id': 61, 'name': 'Steam'}, 'deal': {'price': {'amount': 11.89, 'amountInt': 1189, 'currency': 'USD'}, 'regular': {'amount': 34.99, 'amountInt': 3499, 'currency': 'USD'}, 'cut': 66}}, {'timestamp': '2015-06-11T20:48:18+02:00', 'shop': {'id': 61, 'name': 'Steam'}, 'deal': {'price': {'amount': 15.74, 'amountInt': 1574, 'currency': 'USD'}, 'regular': {'amount': 34.99, 'amountInt': 3499, 'currency': 'USD'}, 'cut': 55}}, {'timestamp': '2015-05-18T19:27:04+02:00', 'shop': {'id': 61, 'name': 'Steam'}, 'deal': {'price': {'amount': 34.99, 'amountInt': 3499, 'currency': 'USD'}, 'regular': {'amount': 34.99, 'amountInt': 3499, 'currency': 'USD'}, 'cut': 0}}, {'timestamp': '2015-05-14T19:21:09+02:00', 'shop': {'id': 61, 'name': 'Steam'}, 'deal': {'price': {'amount': 13.99, 'amountInt': 1399, 'currency': 'USD'}, 'regular': {'amount': 34.99, 'amountInt': 3499, 'currency': 'USD'}, 'cut': 60}}, {'timestamp': '2015-02-20T19:03:13+01:00', 'shop': {'id': 61, 'name': 'Steam'}, 'deal': {'price': {'amount': 34.99, 'amountInt': 3499, 'currency': 'USD'}, 'regular': {'amount': 34.99, 'amountInt': 3499, 'currency': 'USD'}, 'cut': 0}}, {'timestamp': '2015-02-18T19:21:13+01:00', 'shop': {'id': 61, 'name': 'Steam'}, 'deal': {'price': {'amount': 17.49, 'amountInt': 1749, 'currency': 'USD'}, 'regular': {'amount': 34.99, 'amountInt': 3499, 'currency': 'USD'}, 'cut': 50}}, {'timestamp': '2015-01-02T19:21:16+01:00', 'shop': {'id': 61, 'name': 'Steam'}, 'deal': {'price': {'amount': 34.99, 'amountInt': 3499, 'currency': 'USD'}, 'regular': {'amount': 34.99, 'amountInt': 3499, 'currency': 'USD'}, 'cut': 0}}, {'timestamp': '2014-12-28T19:12:07+01:00', 'shop': {'id': 61, 'name': 'Steam'}, 'deal': {'price': {'amount': 23.44, 'amountInt': 2344, 'currency': 'USD'}, 'regular': {'amount': 34.99, 'amountInt': 3499, 'currency': 'USD'}, 'cut': 33}}, {'timestamp': '2014-12-27T20:09:06+01:00', 'shop': {'id': 61, 'name': 'Steam'}, 'deal': {'price': {'amount': 17.49, 'amountInt': 1749, 'currency': 'USD'}, 'regular': {'amount': 34.99, 'amountInt': 3499, 'currency': 'USD'}, 'cut': 50}}, {'timestamp': '2014-12-18T20:30:04+01:00', 'shop': {'id': 61, 'name': 'Steam'}, 'deal': {'price': {'amount': 23.44, 'amountInt': 2344, 'currency': 'USD'}, 'regular': {'amount': 34.99, 'amountInt': 3499, 'currency': 'USD'}, 'cut': 33}}, {'timestamp': '2014-12-02T19:06:36+01:00', 'shop': {'id': 61, 'name': 'Steam'}, 'deal': {'price': {'amount': 34.99, 'amountInt': 3499, 'currency': 'USD'}, 'regular': {'amount': 34.99, 'amountInt': 3499, 'currency': 'USD'}, 'cut': 0}}, {'timestamp': '2014-11-29T19:21:17+01:00', 'shop': {'id': 61, 'name': 'Steam'}, 'deal': {'price': {'amount': 23.44, 'amountInt': 2344, 'currency': 'USD'}, 'regular': {'amount': 34.99, 'amountInt': 3499, 'currency': 'USD'}, 'cut': 33}}, {'timestamp': '2014-11-28T19:15:59+01:00', 'shop': {'id': 61, 'name': 'Steam'}, 'deal': {'price': {'amount': 17.49, 'amountInt': 1749, 'currency': 'USD'}, 'regular': {'amount': 34.99, 'amountInt': 3499, 'currency': 'USD'}, 'cut': 50}}, {'timestamp': '2014-11-26T21:09:17+01:00', 'shop': {'id': 61, 'name': 'Steam'}, 'deal': {'price': {'amount': 23.44, 'amountInt': 2344, 'currency': 'USD'}, 'regular': {'amount': 34.99, 'amountInt': 3499, 'currency': 'USD'}, 'cut': 33}}, {'timestamp': '2014-10-03T19:15:05+02:00', 'shop': {'id': 61, 'name': 'Steam'}, 'deal': {'price': {'amount': 34.99, 'amountInt': 3499, 'currency': 'USD'}, 'regular': {'amount': 34.99, 'amountInt': 3499, 'currency': 'USD'}, 'cut': 0}}, {'timestamp': '2014-09-26T20:45:03+02:00', 'shop': {'id': 61, 'name': 'Steam'}, 'deal': {'price': {'amount': 27.99, 'amountInt': 2799, 'currency': 'USD'}, 'regular': {'amount': 34.99, 'amountInt': 3499, 'currency': 'USD'}, 'cut': 20}}, {'timestamp': '2014-09-16T19:15:05+02:00', 'shop': {'id': 61, 'name': 'Steam'}, 'deal': {'price': {'amount': 24.99, 'amountInt': 2499, 'currency': 'USD'}, 'regular': {'amount': 24.99, 'amountInt': 2499, 'currency': 'USD'}, 'cut': 0}}, {'timestamp': '2014-09-14T19:12:03+02:00', 'shop': {'id': 61, 'name': 'Steam'}, 'deal': {'price': {'amount': 14.99, 'amountInt': 1499, 'currency': 'USD'}, 'regular': {'amount': 24.99, 'amountInt': 2499, 'currency': 'USD'}, 'cut': 40}}, {'timestamp': '2014-07-19T19:18:04+02:00', 'shop': {'id': 61, 'name': 'Steam'}, 'deal': {'price': {'amount': 24.99, 'amountInt': 2499, 'currency': 'USD'}, 'regular': {'amount': 24.99, 'amountInt': 2499, 'currency': 'USD'}, 'cut': 0}}, {'timestamp': '2014-07-17T19:18:03+02:00', 'shop': {'id': 61, 'name': 'Steam'}, 'deal': {'price': {'amount': 16.74, 'amountInt': 1674, 'currency': 'USD'}, 'regular': {'amount': 24.99, 'amountInt': 2499, 'currency': 'USD'}, 'cut': 33}}, {'timestamp': '2014-06-30T19:18:05+02:00', 'shop': {'id': 61, 'name': 'Steam'}, 'deal': {'price': {'amount': 24.99, 'amountInt': 2499, 'currency': 'USD'}, 'regular': {'amount': 24.99, 'amountInt': 2499, 'currency': 'USD'}, 'cut': 0}}, {'timestamp': '2014-06-19T21:00:03+02:00', 'shop': {'id': 61, 'name': 'Steam'}, 'deal': {'price': {'amount': 17.49, 'amountInt': 1749, 'currency': 'USD'}, 'regular': {'amount': 24.99, 'amountInt': 2499, 'currency': 'USD'}, 'cut': 30}}, {'timestamp': '2014-04-30T19:15:05+02:00', 'shop': {'id': 61, 'name': 'Steam'}, 'deal': {'price': {'amount': 24.99, 'amountInt': 2499, 'currency': 'USD'}, 'regular': {'amount': 24.99, 'amountInt': 2499, 'currency': 'USD'}, 'cut': 0}}, {'timestamp': '2014-04-23T23:42:07+02:00', 'shop': {'id': 61, 'name': 'Steam'}, 'deal': {'price': {'amount': 18.74, 'amountInt': 1874, 'currency': 'USD'}, 'regular': {'amount': 24.99, 'amountInt': 2499, 'currency': 'USD'}, 'cut': 25}}, {'timestamp': '2014-03-17T18:33:07+01:00', 'shop': {'id': 61, 'name': 'Steam'}, 'deal': {'price': {'amount': 22.99, 'amountInt': 2299, 'currency': 'USD'}, 'regular': {'amount': 22.99, 'amountInt': 2299, 'currency': 'USD'}, 'cut': 0}}, {'timestamp': '2014-03-10T18:28:39+01:00', 'shop': {'id': 61, 'name': 'Steam'}, 'deal': {'price': {'amount': 15.4, 'amountInt': 1540, 'currency': 'USD'}, 'regular': {'amount': 22.99, 'amountInt': 2299, 'currency': 'USD'}, 'cut': 33}}, {'timestamp': '2014-01-02T19:28:48+01:00', 'shop': {'id': 61, 'name': 'Steam'}, 'deal': {'price': {'amount': 22.99, 'amountInt': 2299, 'currency': 'USD'}, 'regular': {'amount': 22.99, 'amountInt': 2299, 'currency': 'USD'}, 'cut': 0}}, {'timestamp': '2013-12-19T19:29:03+01:00', 'shop': {'id': 61, 'name': 'Steam'}, 'deal': {'price': {'amount': 17.24, 'amountInt': 1724, 'currency': 'USD'}, 'regular': {'amount': 22.99, 'amountInt': 2299, 'currency': 'USD'}, 'cut': 25}}, {'timestamp': '2013-12-03T21:49:00+01:00', 'shop': {'id': 61, 'name': 'Steam'}, 'deal': {'price': {'amount': 22.99, 'amountInt': 2299, 'currency': 'USD'}, 'regular': {'amount': 22.99, 'amountInt': 2299, 'currency': 'USD'}, 'cut': 0}}, {'timestamp': '2013-11-28T06:30:35+01:00', 'shop': {'id': 61, 'name': 'Steam'}, 'deal': {'price': {'amount': 17.24, 'amountInt': 1724, 'currency': 'USD'}, 'regular': {'amount': 22.99, 'amountInt': 2299, 'currency': 'USD'}, 'cut': 25}}, {'timestamp': '2013-11-28T05:23:12+01:00', 'shop': {'id': 61, 'name': 'Steam'}, 'deal': {'price': {'amount': 22.99, 'amountInt': 2299, 'currency': 'USD'}, 'regular': {'amount': 22.99, 'amountInt': 2299, 'currency': 'USD'}, 'cut': 0}}, {'timestamp': '2013-11-27T19:21:59+01:00', 'shop': {'id': 61, 'name': 'Steam'}, 'deal': {'price': {'amount': 17.24, 'amountInt': 1724, 'currency': 'USD'}, 'regular': {'amount': 22.99, 'amountInt': 2299, 'currency': 'USD'}, 'cut': 25}}, {'timestamp': '2013-11-21T06:20:24+01:00', 'shop': {'id': 61, 'name': 'Steam'}, 'deal': {'price': {'amount': 22.99, 'amountInt': 2299, 'currency': 'USD'}, 'regular': {'amount': 22.99, 'amountInt': 2299, 'currency': 'USD'}, 'cut': 0}}, {'timestamp': '2013-09-18T22:14:34+02:00', 'shop': {'id': 61, 'name': 'Steam'}, 'deal': {'price': {'amount': 19.99, 'amountInt': 1999, 'currency': 'USD'}, 'regular': {'amount': 19.99, 'amountInt': 1999, 'currency': 'USD'}, 'cut': 0}}]"
018d937f-2b92-725d-a702-2182ca7057df,"[{'timestamp': '2024-07-11T19:24:18+02:00', 'shop': {'id': 61, 'name': 'Steam'}, 'deal': {'price': {'amount': 49.99, 'amountInt': 4999, 'currency': 'USD'}, 'regular': {'amount': 49.99, 'amountInt': 4999, 'currency': 'USD'}, 'cut': 0}}, {'timestamp': '2024-06-20T19:15:24+02:00', 'shop': {'id': 61, 'name': 'Steam'}, 'deal': {'price': {'amount': 4.99, 'amountInt': 499, 'currency': 'USD'}, 'regular': {'amount': 49.99, 'amountInt': 4999, 'currency': 'USD'}, 'cut': 90}}, {'timestamp': '2024-02-19T19:16:47+01:00', 'shop': {'id': 61, 'name': 'Steam'}, 'deal': {'price': {'amount': 49.99, 'amountInt': 4999, 'currency': 'USD'}, 'regular': {'amount': 49.99, 'amountInt': 4999, 'currency': 'USD'}, 'cut': 0}}, {'timestamp': '2024-02-12T19:15:38+01:00', 'shop': {'id': 61, 'name': 'Steam'}, 'deal': {'price': {'amount': 4.99, 'amountInt': 499, 'currency': 'USD'}, 'regular': {'amount': 49.99, 'amountInt': 4999, 'currency': 'USD'}, 'cut': 90}}, {'timestamp': '2024-02-11T02:19:52+01:00', 'shop': {'id': 61, 'name': 'Steam'}, 'deal': {'price': {'amount': 49.99, 'amountInt': 4999, 'currency': 'USD'}, 'regular': {'amount': 49.99, 'amountInt': 4999, 'currency': 'USD'}, 'cut': 0}}, {'timestamp': '2024-01-04T19:39:17+01:00', 'shop': {'id': 61, 'name': 'Steam'}, 'deal': {'price': {'amount': 49.99, 'amountInt': 4999, 'currency': 'USD'}, 'regular': {'amount': 49.99, 'amountInt': 4999, 'currency': 'USD'}, 'cut': 0}}, {'timestamp': '2023-12-21T19:52:25+01:00', 'shop': {'id': 61, 'name': 'Steam'}, 'deal': {'price': {'amount': 4.99, 'amountInt': 499, 'currency': 'USD'}, 'regular': {'amount': 49.99, 'amountInt': 4999, 'currency': 'USD'}, 'cut': 90}}, {'timestamp': '2023-12-08T19:18:15+01:00', 'shop': {'id': 61, 'name': 'Steam'}, 'deal': {'price': {'amount': 49.99, 'amountInt': 4999, 'currency': 'USD'}, 'regular': {'amount': 49.99, 'amountInt': 4999, 'currency': 'USD'}, 'cut': 0}}, {'timestamp': '2023-12-04T19:58:01+01:00', 'shop': {'id': 61, 'name': 'Steam'}, 'deal': {'price': {'amount': 4.99, 'amountInt': 499, 'currency': 'USD'}, 'regular': {'amount': 49.99, 'amountInt': 4999, 'currency': 'USD'}, 'cut': 90}}, {'timestamp': '2023-11-28T19:20:22+01:00', 'shop': {'id': 61, 'name': 'Steam'}, 'deal': {'price': {'amount': 49.99, 'amountInt': 4999, 'currency': 'USD'}, 'regular': {'amount': 49.99, 'amountInt': 4999, 'currency': 'USD'}, 'cut': 0}}, {'timestamp': '2023-11-21T19:07:28+01:00', 'shop': {'id': 61, 'name': 'Steam'}, 'deal': {'price': {'amount': 4.99, 'amountInt': 499, 'currency': 'USD'}, 'regular': {'amount': 49.99, 'amountInt': 4999, 'currency': 'USD'}, 'cut': 90}}, {'timestamp': '2023-10-19T19:21:08+02:00', 'shop': {'id': 61, 'name': 'Steam'}, 'deal': {'price': {'amount': 49.99, 'amountInt': 4999, 'currency': 'USD'}, 'regular': {'amount': 49.99, 'amountInt': 4999, 'currency': 'USD'}, 'cut': 0}}, {'timestamp': '2023-10-05T19:21:27+02:00', 'shop': {'id': 61, 'name': 'Steam'}, 'deal': {'price': {'amount': 4.99, 'amountInt': 499, 'currency': 'USD'}, 'regular': {'amount': 49.99, 'amountInt': 4999, 'currency': 'USD'}, 'cut': 90}}, {'timestamp': '2023-07-24T19:06:26+02:00', 'shop': {'id': 61, 'name': 'Steam'}, 'deal': {'price': {'amount': 49.99, 'amountInt': 4999, 'currency': 'USD'}, 'regular': {'amount': 49.99, 'amountInt': 4999, 'currency': 'USD'}, 'cut': 0}}, {'timestamp': '2023-07-17T19:15:16+02:00', 'shop': {'id': 61, 'name': 'Steam'}, 'deal': {'price': {'amount': 4.99, 'amountInt': 499, 'currency': 'USD'}, 'regular': {'amount': 49.99, 'amountInt': 4999, 'currency': 'USD'}, 'cut': 90}}, {'timestamp': '2023-07-13T19:11:30+02:00', 'shop': {'id': 61, 'name': 'Steam'}, 'deal': {'price': {'amount': 49.99, 'amountInt': 4999, 'currency': 'USD'}, 'regular': {'amount': 49.99, 'amountInt': 4999, 'currency': 'USD'}, 'cut': 0}}, {'timestamp': '2023-06-29T20:24:47+02:00', 'shop': {'id': 61, 'name': 'Steam'}, 'deal': {'price': {'amount': 4.99, 'amountInt': 499, 'currency': 'USD'}, 'regular': {'amount': 49.99, 'amountInt': 4999, 'currency': 'USD'}, 'cut': 90}}, {'timestamp': '2023-03-23T19:31:51+01:00', 'shop': {'id': 61, 'name': 'Steam'}, 'deal': {'price': {'amount': 49.99, 'amountInt': 4999, 'currency': 'USD'}, 'regular': {'amount': 49.99, 'amountInt': 4999, 'currency': 'USD'}, 'cut': 0}}, {'timestamp': '2023-03-16T20:53:18+01:00', 'shop': {'id': 61, 'name': 'Steam'}, 'deal': {'price': {'amount': 4.99, 'amountInt': 499, 'currency': 'USD'}, 'regular': {'amount': 49.99, 'amountInt': 4999, 'currency': 'USD'}, 'cut': 90}}, {'timestamp': '2023-02-20T19:18:27+01:00', 'shop': {'id': 61, 'name': 'Steam'}, 'deal': {'price': {'amount': 49.99, 'amountInt': 4999, 'currency': 'USD'}, 'regular': {'amount': 49.99, 'amountInt': 4999, 'currency': 'USD'}, 'cut': 0}}, {'timestamp': '2023-02-13T19:03:16+01:00', 'shop': {'id': 61, 'name': 'Steam'}, 'deal': {'price': {'amount': 4.99, 'amountInt': 499, 'currency': 'USD'}, 'regular': {'amount': 49.99, 'amountInt': 4999, 'currency': 'USD'}, 'cut': 90}}, {'timestamp': '2023-01-05T22:27:39+01:00', 'shop': {'id': 61, 'name': 'Steam'}, 'deal': {'price': {'amount': 49.99, 'amountInt': 4999, 'currency': 'USD'}, 'regular': {'amount': 49.99, 'amountInt': 4999, 'currency': 'USD'}, 'cut': 0}}, {'timestamp': '2022-12-22T19:20:44+01:00', 'shop': {'id': 61, 'name': 'Steam'}, 'deal': {'price': {'amount': 4.99, 'amountInt': 499, 'currency': 'USD'}, 'regular': {'amount': 49.99, 'amountInt': 4999, 'currency': 'USD'}, 'cut': 90}}, {'timestamp': '2022-11-29T20:00:12+01:00', 'shop': {'id': 61, 'name': 'Steam'}, 'deal': {'price': {'amount': 49.99, 'amountInt': 4999, 'currency': 'USD'}, 'regular': {'amount': 49.99, 'amountInt': 4999, 'currency': 'USD'}, 'cut': 0}}, {'timestamp': '2022-11-17T20:44:23+01:00', 'shop': {'id': 61, 'name': 'Steam'}, 'deal': {'price': {'amount': 4.99, 'amountInt': 499, 'currency': 'USD'}, 'regular': {'amount': 49.99, 'amountInt': 4999, 'currency': 'USD'}, 'cut': 90}}, {'timestamp': '2022-10-17T19:24:31+02:00', 'shop': {'id': 61, 'name': 'Steam'}, 'deal': {'price': {'amount': 49.99, 'amountInt': 4999, 'currency': 'USD'}, 'regular': {'amount': 49.99, 'amountInt': 4999, 'currency': 'USD'}, 'cut': 0}}, {'timestamp': '2022-10-13T20:06:00+02:00', 'shop': {'id': 61, 'name': 'Steam'}, 'deal': {'price': {'amount': 4.99, 'amountInt': 499, 'currency': 'USD'}, 'regular': {'amount': 49.99, 'amountInt': 4999, 'currency': 'USD'}, 'cut': 90}}, {'timestamp': '2022-09-12T19:12:33+02:00', 'shop': {'id': 61, 'name': 'Steam'}, 'deal': {'price': {'amount': 49.99, 'amountInt': 4999, 'currency': 'USD'}, 'regular': {'amount': 49.99, 'amountInt': 4999, 'currency': 'USD'}, 'cut': 0}}, {'timestamp': '2022-09-05T19:21:15+02:00', 'shop': {'id': 61, 'name': 'Steam'}, 'deal': {'price': {'amount': 7.49, 'amountInt': 749, 'currency': 'USD'}, 'regular': {'amount': 49.99, 'amountInt': 4999, 'currency': 'USD'}, 'cut': 85}}, {'timestamp': '2022-08-01T19:24:27+02:00', 'shop': {'id': 61, 'name': 'Steam'}, 'deal': {'price': {'amount': 49.99, 'amountInt': 4999, 'currency': 'USD'}, 'regular': {'amount': 49.99, 'amountInt': 4999, 'currency': 'USD'}, 'cut': 0}}, {'timestamp': '2022-07-25T19:06:33+02:00', 'shop': {'id': 61, 'name': 'Steam'}, 'deal': {'price': {'amount': 7.49, 'amountInt': 749, 'currency': 'USD'}, 'regular': {'amount': 49.99, 'amountInt': 4999, 'currency': 'USD'}, 'cut': 85}}, {'timestamp': '2022-07-07T19:14:39+02:00', 'shop': {'id': 61, 'name': 'Steam'}, 'deal': {'price': {'amount': 49.99, 'amountInt': 4999, 'currency': 'USD'}, 'regular': {'amount': 49.99, 'amountInt': 4999, 'currency': 'USD'}, 'cut': 0}}, {'timestamp': '2022-06-23T20:15:46+02:00', 'shop': {'id': 61, 'name': 'Steam'}, 'deal': {'price': {'amount': 7.49, 'amountInt': 749, 'currency': 'USD'}, 'regular': {'amount': 49.99, 'amountInt': 4999, 'currency': 'USD'}, 'cut': 85}}, {'timestamp': '2022-05-02T19:18:37+02:00', 'shop': {'id': 61, 'name': 'Steam'}, 'deal': {'price': {'amount': 49.99, 'amountInt': 4999, 'currency': 'USD'}, 'regular': {'amount': 49.99, 'amountInt': 4999, 'currency': 'USD'}, 'cut': 0}}, {'timestamp': '2022-04-28T19:20:19+02:00', 'shop': {'id': 61, 'name': 'Steam'}, 'deal': {'price': {'amount': 7.49, 'amountInt': 749, 'currency': 'USD'}, 'regular': {'amount': 49.99, 'amountInt': 4999, 'currency': 'USD'}, 'cut': 85}}, {'timestamp': '2022-02-03T19:34:50+01:00', 'shop': {'id': 61, 'name': 'Steam'}, 'deal': {'price': {'amount': 49.99, 'amountInt': 4999, 'currency': 'USD'}, 'regular': {'amount': 49.99, 'amountInt': 4999, 'currency': 'USD'}, 'cut': 0}}, {'timestamp': '2022-01-27T19:48:39+01:00', 'shop': {'id': 61, 'name': 'Steam'}, 'deal': {'price': {'amount': 7.49, 'amountInt': 749, 'currency': 'USD'}, 'regular': {'amount': 49.99, 'amountInt': 4999, 'currency': 'USD'}, 'cut': 85}}, {'timestamp': '2022-01-05T20:06:54+01:00', 'shop': {'id': 61, 'name': 'Steam'}, 'deal': {'price': {'amount': 49.99, 'amountInt': 4999, 'currency': 'USD'}, 'regular': {'amount': 49.99, 'amountInt': 4999, 'currency': 'USD'}, 'cut': 0}}, {'timestamp': '2021-12-22T22:59:00+01:00', 'shop': {'id': 61, 'name': 'Steam'}, 'deal': {'price': {'amount': 7.49, 'amountInt': 749, 'currency': 'USD'}, 'regular': {'amount': 49.99, 'amountInt': 4999, 'currency': 'USD'}, 'cut': 85}}, {'timestamp': '2021-12-01T19:25:29+01:00', 'shop': {'id': 61, 'name': 'Steam'}, 'deal': {'price': {'amount': 49.99, 'amountInt': 4999, 'currency': 'USD'}, 'regular': {'amount': 49.99, 'amountInt': 4999, 'currency': 'USD'}, 'cut': 0}}, {'timestamp': '2021-11-24T22:06:52+01:00', 'shop': {'id': 61, 'name': 'Steam'}, 'deal': {'price': {'amount': 7.49, 'amountInt': 749, 'currency': 'USD'}, 'regular': {'amount': 49.99, 'amountInt': 4999, 'currency': 'USD'}, 'cut': 85}}, {'timestamp': '2021-10-04T19:09:23+02:00', 'shop': {'id': 61, 'name': 'Steam'}, 'deal': {'price': {'amount': 49.99, 'amountInt': 4999, 'currency': 'USD'}, 'regular': {'amount': 49.99, 'amountInt': 4999, 'currency': 'USD'}, 'cut': 0}}, {'timestamp': '2021-09-29T17:18:20+02:00', 'shop': {'id': 61, 'name': 'Steam'}, 'deal': {'price': {'amount': 7.49, 'amountInt': 749, 'currency': 'USD'}, 'regular': {'amount': 49.99, 'amountInt': 4999, 'currency': 'USD'}, 'cut': 85}}, {'timestamp': '2021-07-08T19:30:29+02:00', 'shop': {'id': 61, 'name': 'Steam'}, 'deal': {'price': {'amount': 49.99, 'amountInt': 4999, 'currency': 'USD'}, 'regular': {'amount': 49.99, 'amountInt': 4999, 'currency': 'USD'}, 'cut': 0}}, {'timestamp': '2021-06-18T19:21:22+02:00', 'shop': {'id': 61, 'name': 'Steam'}, 'deal': {'price': {'amount': 7.49, 'amountInt': 749, 'currency': 'USD'}, 'regular': {'amount': 49.99, 'amountInt': 4999, 'currency': 'USD'}, 'cut': 85}}, {'timestamp': '2021-05-10T19:26:00+02:00', 'shop': {'id': 61, 'name': 'Steam'}, 'deal': {'price': {'amount': 49.99, 'amountInt': 4999, 'currency': 'USD'}, 'regular': {'amount': 49.99, 'amountInt': 4999, 'currency': 'USD'}, 'cut': 0}}, {'timestamp': '2021-04-27T19:18:14+02:00', 'shop': {'id': 61, 'name': 'Steam'}, 'deal': {'price': {'amount': 7.49, 'amountInt': 749, 'currency': 'USD'}, 'regular': {'amount': 49.99, 'amountInt': 4999, 'currency': 'USD'}, 'cut': 85}}, {'timestamp': '2021-03-27T11:12:04+01:00', 'shop': {'id': 61, 'name': 'Steam'}, 'deal': {'price': {'amount': 49.99, 'amountInt': 4999, 'currency': 'USD'}, 'regular': {'amount': 49.99, 'amountInt': 4999, 'currency': 'USD'}, 'cut': 0}}, {'timestamp': '2021-02-15T19:24:19+01:00', 'shop': {'id': 61, 'name': 'Steam'}, 'deal': {'price': {'amount': 49.99, 'amountInt': 4999, 'currency': 'USD'}, 'regular': {'amount': 49.99, 'amountInt': 4999, 'currency': 'USD'}, 'cut': 0}}, {'timestamp': '2021-02-11T19:56:54+01:00', 'shop': {'id': 61, 'name': 'Steam'}, 'deal': {'price': {'amount': 12.49, 'amountInt': 1249, 'currency': 'USD'}, 'regular': {'amount': 49.99, 'amountInt': 4999, 'currency': 'USD'}, 'cut': 75}}, {'timestamp': '2021-01-05T19:53:22+01:00', 'shop': {'id': 61, 'name': 'Steam'}, 'deal': {'price': {'amount': 49.99, 'amountInt': 4999, 'currency': 'USD'}, 'regular': {'amount': 49.99, 'amountInt': 4999, 'currency': 'USD'}, 'cut': 0}}, {'timestamp': '2020-12-22T19:58:01+01:00', 'shop': {'id': 61, 'name': 'Steam'}, 'deal': {'price': {'amount': 7.99, 'amountInt': 799, 'currency': 'USD'}, 'regular': {'amount': 49.99, 'amountInt': 4999, 'currency': 'USD'}, 'cut': 84}}, {'timestamp': '2020-12-01T19:22:20+01:00', 'shop': {'id': 61, 'name': 'Steam'}, 'deal': {'price': {'amount': 49.99, 'amountInt': 4999, 'currency': 'USD'}, 'regular': {'amount': 49.99, 'amountInt': 4999, 'currency': 'USD'}, 'cut': 0}}, {'timestamp': '2020-11-25T19:31:19+01:00', 'shop': {'id': 61, 'name': 'Steam'}, 'deal': {'price': {'amount': 7.99, 'amountInt': 799, 'currency': 'USD'}, 'regular': {'amount': 49.99, 'amountInt': 4999, 'currency': 'USD'}, 'cut': 84}}, {'timestamp': '2020-11-20T19:21:10+01:00', 'shop': {'id': 61, 'name': 'Steam'}, 'deal': {'price': {'amount': 49.99, 'amountInt': 4999, 'currency': 'USD'}, 'regular': {'amount': 49.99, 'amountInt': 4999, 'currency': 'USD'}, 'cut': 0}}, {'timestamp': '2020-11-17T19:21:12+01:00', 'shop': {'id': 61, 'name': 'Steam'}, 'deal': {'price': {'amount': 7.99, 'amountInt': 799, 'currency': 'USD'}, 'regular': {'amount': 49.99, 'amountInt': 4999, 'currency': 'USD'}, 'cut': 84}}, {'timestamp': '2020-09-28T19:22:43+02:00', 'shop': {'id': 61, 'name': 'Steam'}, 'deal': {'price': {'amount': 49.99, 'amountInt': 4999, 'currency': 'USD'}, 'regular': {'amount': 49.99, 'amountInt': 4999, 'currency': 'USD'}, 'cut': 0}}, {'timestamp': '2020-09-24T19:22:35+02:00', 'shop': {'id': 61, 'name': 'Steam'}, 'deal': {'price': {'amount': 9.99, 'amountInt': 999, 'currency': 'USD'}, 'regular': {'amount': 49.99, 'amountInt': 4999, 'currency': 'USD'}, 'cut': 80}}, {'timestamp': '2020-07-09T19:33:17+02:00', 'shop': {'id': 61, 'name': 'Steam'}, 'deal': {'price': {'amount': 49.99, 'amountInt': 4999, 'currency': 'USD'}, 'regular': {'amount': 49.99, 'amountInt': 4999, 'currency': 'USD'}, 'cut': 0}}, {'timestamp': '2020-06-20T19:21:18+02:00', 'shop': {'id': 61, 'name': 'Steam'}, 'deal': {'price': {'amount': 12.49, 'amountInt': 1249, 'currency': 'USD'}, 'regular': {'amount': 49.99, 'amountInt': 4999, 'currency': 'USD'}, 'cut': 75}}, {'timestamp': '2020-05-06T19:22:02+02:00', 'shop': {'id': 61, 'name': 'Steam'}, 'deal': {'price': {'amount': 49.99, 'amountInt': 4999, 'currency': 'USD'}, 'regular': {'amount': 49.99, 'amountInt': 4999, 'currency': 'USD'}, 'cut': 0}}, {'timestamp': '2020-04-30T19:23:29+02:00', 'shop': {'id': 61, 'name': 'Steam'}, 'deal': {'price': {'amount': 12.49, 'amountInt': 1249, 'currency': 'USD'}, 'regular': {'amount': 49.99, 'amountInt': 4999, 'currency': 'USD'}, 'cut': 75}}, {'timestamp': '2020-01-27T19:23:04+01:00', 'shop': {'id': 61, 'name': 'Steam'}, 'deal': {'price': {'amount': 49.99, 'amountInt': 4999, 'currency': 'USD'}, 'regular': {'amount': 49.99, 'amountInt': 4999, 'currency': 'USD'}, 'cut': 0}}, {'timestamp': '2020-01-23T19:34:27+01:00', 'shop': {'id': 61, 'name': 'Steam'}, 'deal': {'price': {'amount': 12.49, 'amountInt': 1249, 'currency': 'USD'}, 'regular': {'amount': 49.99, 'amountInt': 4999, 'currency': 'USD'}, 'cut': 75}}, {'timestamp': '2020-01-02T19:37:37+01:00', 'shop': {'id': 61, 'name': 'Steam'}, 'deal': {'price': {'amount': 49.99, 'amountInt': 4999, 'currency': 'USD'}, 'regular': {'amount': 49.99, 'amountInt': 4999, 'currency': 'USD'}, 'cut': 0}}, {'timestamp': '2019-12-19T19:29:52+01:00', 'shop': {'id': 61, 'name': 'Steam'}, 'deal': {'price': {'amount': 12.49, 'amountInt': 1249, 'currency': 'USD'}, 'regular': {'amount': 49.99, 'amountInt': 4999, 'currency': 'USD'}, 'cut': 75}}, {'timestamp': '2019-11-15T19:07:10+01:00', 'shop': {'id': 61, 'name': 'Steam'}, 'deal': {'price': {'amount': 49.99, 'amountInt': 4999, 'currency': 'USD'}, 'regular': {'amount': 49.99, 'amountInt': 4999, 'currency': 'USD'}, 'cut': 0}}, {'timestamp': '2019-11-12T19:07:31+01:00', 'shop': {'id': 61, 'name': 'Steam'}, 'deal': {'price': {'amount': 12.49, 'amountInt': 1249, 'currency': 'USD'}, 'regular': {'amount': 49.99, 'amountInt': 4999, 'currency': 'USD'}, 'cut': 75}}, {'timestamp': '2019-11-12T17:23:13+01:00', 'shop': {'id': 61, 'name': 'Steam'}, 'deal': {'price': {'amount': 49.99, 'amountInt': 4999, 'currency': 'USD'}, 'regular': {'amount': 49.99, 'amountInt': 4999, 'currency': 'USD'}, 'cut': 0}}, {'timestamp': '2019-11-10T17:21:41+01:00', 'shop': {'id': 61, 'name': 'Steam'}, 'deal': {'price': {'amount': 12.49, 'amountInt': 1249, 'currency': 'USD'}, 'regular': {'amount': 49.99, 'amountInt': 4999, 'currency': 'USD'}, 'cut': 75}}, {'timestamp': '2019-09-09T19:21:32+02:00', 'shop': {'id': 61, 'name': 'Steam'}, 'deal': {'price': {'amount': 49.99, 'amountInt': 4999, 'currency': 'USD'}, 'regular': {'amount': 49.99, 'amountInt': 4999, 'currency': 'USD'}, 'cut': 0}}, {'timestamp': '2019-09-05T19:07:16+02:00', 'shop': {'id': 61, 'name': 'Steam'}, 'deal': {'price': {'amount': 12.49, 'amountInt': 1249, 'currency': 'USD'}, 'regular': {'amount': 49.99, 'amountInt': 4999, 'currency': 'USD'}, 'cut': 75}}, {'timestamp': '2019-07-09T20:42:18+02:00', 'shop': {'id': 61, 'name': 'Steam'}, 'deal': {'price': {'amount': 49.99, 'amountInt': 4999, 'currency': 'USD'}, 'regular': {'amount': 49.99, 'amountInt': 4999, 'currency': 'USD'}, 'cut': 0}}, {'timestamp': '2019-06-26T03:11:58+02:00', 'shop': {'id': 61, 'name': 'Steam'}, 'deal': {'price': {'amount': 12.49, 'amountInt': 1249, 'currency': 'USD'}, 'regular': {'amount': 49.99, 'amountInt': 4999, 'currency': 'USD'}, 'cut': 75}}, {'timestamp': '2019-05-10T19:14:42+02:00', 'shop': {'id': 61, 'name': 'Steam'}, 'deal': {'price': {'amount': 49.99, 'amountInt': 4999, 'currency': 'USD'}, 'regular': {'amount': 49.99, 'amountInt': 4999, 'currency': 'USD'}, 'cut': 0}}, {'timestamp': '2019-05-08T07:16:44+02:00', 'shop': {'id': 61, 'name': 'Steam'}, 'deal': {'price': {'amount': 24.99, 'amountInt': 2499, 'currency': 'USD'}, 'regular': {'amount': 49.99, 'amountInt': 4999, 'currency': 'USD'}, 'cut': 50}}, {'timestamp': '2019-05-06T20:50:57+02:00', 'shop': {'id': 61, 'name': 'Steam'}, 'deal': {'price': {'amount': 49.99, 'amountInt': 4999, 'currency': 'USD'}, 'regular': {'amount': 49.99, 'amountInt': 4999, 'currency': 'USD'}, 'cut': 0}}, {'timestamp': '2019-04-29T20:50:02+02:00', 'shop': {'id': 61, 'name': 'Steam'}, 'deal': {'price': {'amount': 24.99, 'amountInt': 2499, 'currency': 'USD'}, 'regular': {'amount': 49.99, 'amountInt': 4999, 'currency': 'USD'}, 'cut': 50}}, {'timestamp': '2019-02-11T19:14:32+01:00', 'shop': {'id': 61, 'name': 'Steam'}, 'deal': {'price': {'amount': 49.99, 'amountInt': 4999, 'currency': 'USD'}, 'regular': {'amount': 49.99, 'amountInt': 4999, 'currency': 'USD'}, 'cut': 0}}, {'timestamp': '2019-02-04T22:57:26+01:00', 'shop': {'id': 61, 'name': 'Steam'}, 'deal': {'price': {'amount': 12.49, 'amountInt': 1249, 'currency': 'USD'}, 'regular': {'amount': 49.99, 'amountInt': 4999, 'currency': 'USD'}, 'cut': 75}}, {'timestamp': '2019-01-03T23:24:29+01:00', 'shop': {'id': 61, 'name': 'Steam'}, 'deal': {'price': {'amount': 49.99, 'amountInt': 4999, 'currency': 'USD'}, 'regular': {'amount': 49.99, 'amountInt': 4999, 'currency': 'USD'}, 'cut': 0}}, {'timestamp': '2018-12-20T20:55:53+01:00', 'shop': {'id': 61, 'name': 'Steam'}, 'deal': {'price': {'amount': 12.49, 'amountInt': 1249, 'currency': 'USD'}, 'regular': {'amount': 49.99, 'amountInt': 4999, 'currency': 'USD'}, 'cut': 75}}, {'timestamp': '2018-11-27T21:35:28+01:00', 'shop': {'id': 61, 'name': 'Steam'}, 'deal': {'price': {'amount': 49.99, 'amountInt': 4999, 'currency': 'USD'}, 'regular': {'amount': 49.99, 'amountInt': 4999, 'currency': 'USD'}, 'cut': 0}}, {'timestamp': '2018-11-21T19:47:40+01:00', 'shop': {'id': 61, 'name': 'Steam'}, 'deal': {'price': {'amount': 12.49, 'amountInt': 1249, 'currency': 'USD'}, 'regular': {'amount': 49.99, 'amountInt': 4999, 'currency': 'USD'}, 'cut': 75}}, {'timestamp': '2018-11-05T19:37:37+01:00', 'shop': {'id': 61, 'name': 'Steam'}, 'deal': {'price': {'amount': 49.99, 'amountInt': 4999, 'currency': 'USD'}, 'regular': {'amount': 49.99, 'amountInt': 4999, 'currency': 'USD'}, 'cut': 0}}, {'timestamp': '2018-11-01T19:12:12+01:00', 'shop': {'id': 61, 'name': 'Steam'}, 'deal': {'price': {'amount': 12.49, 'amountInt': 1249, 'currency': 'USD'}, 'regular': {'amount': 49.99, 'amountInt': 4999, 'currency': 'USD'}, 'cut': 75}}, {'timestamp': '2018-07-05T19:26:09+02:00', 'shop': {'id': 61, 'name': 'Steam'}, 'deal': {'price': {'amount': 49.99, 'amountInt': 4999, 'currency': 'USD'}, 'regular': {'amount': 49.99, 'amountInt': 4999, 'currency': 'USD'}, 'cut': 0}}, {'timestamp': '2018-06-21T20:08:09+02:00', 'shop': {'id': 61, 'name': 'Steam'}, 'deal': {'price': {'amount': 12.49, 'amountInt': 1249, 'currency': 'USD'}, 'regular': {'amount': 49.99, 'amountInt': 4999, 'currency': 'USD'}, 'cut': 75}}, {'timestamp': '2018-02-12T19:21:13+01:00', 'shop': {'id': 61, 'name': 'Steam'}, 'deal': {'price': {'amount': 49.99, 'amountInt': 4999, 'currency': 'USD'}, 'regular': {'amount': 49.99, 'amountInt': 4999, 'currency': 'USD'}, 'cut': 0}}, {'timestamp': '2018-02-08T19:22:23+01:00', 'shop': {'id': 61, 'name': 'Steam'}, 'deal': {'price': {'amount': 12.49, 'amountInt': 1249, 'currency': 'USD'}, 'regular': {'amount': 49.99, 'amountInt': 4999, 'currency': 'USD'}, 'cut': 75}}, {'timestamp': '2018-01-04T19:16:12+01:00', 'shop': {'id': 61, 'name': 'Steam'}, 'deal': {'price': {'amount': 49.99, 'amountInt': 4999, 'currency': 'USD'}, 'regular': {'amount': 49.99, 'amountInt': 4999, 'currency': 'USD'}, 'cut': 0}}, {'timestamp': '2017-12-21T19:46:22+01:00', 'shop': {'id': 61, 'name': 'Steam'}, 'deal': {'price': {'amount': 12.49, 'amountInt': 1249, 'currency': 'USD'}, 'regular': {'amount': 49.99, 'amountInt': 4999, 'currency': 'USD'}, 'cut': 75}}, {'timestamp': '2017-11-28T19:46:11+01:00', 'shop': {'id': 61, 'name': 'Steam'}, 'deal': {'price': {'amount': 49.99, 'amountInt': 4999, 'currency': 'USD'}, 'regular': {'amount': 49.99, 'amountInt': 4999, 'currency': 'USD'}, 'cut': 0}}, {'timestamp': '2017-11-22T19:46:08+01:00', 'shop': {'id': 61, 'name': 'Steam'}, 'deal': {'price': {'amount': 12.49, 'amountInt': 1249, 'currency': 'USD'}, 'regular': {'amount': 49.99, 'amountInt': 4999, 'currency': 'USD'}, 'cut': 75}}, {'timestamp': '2017-09-18T19:45:30+02:00', 'shop': {'id': 61, 'name': 'Steam'}, 'deal': {'price': {'amount': 49.99, 'amountInt': 4999, 'currency': 'USD'}, 'regular': {'amount': 49.99, 'amountInt': 4999, 'currency': 'USD'}, 'cut': 0}}, {'timestamp': '2017-09-14T19:15:52+02:00', 'shop': {'id': 61, 'name': 'Steam'}, 'deal': {'price': {'amount': 12.49, 'amountInt': 1249, 'currency': 'USD'}, 'regular': {'amount': 49.99, 'amountInt': 4999, 'currency': 'USD'}, 'cut': 75}}, {'timestamp': '2017-08-04T19:45:25+02:00', 'shop': {'id': 61, 'name': 'Steam'}, 'deal': {'price': {'amount': 49.99, 'amountInt': 4999, 'currency': 'USD'}, 'regular': {'amount': 49.99, 'amountInt': 4999, 'currency': 'USD'}, 'cut': 0}}, {'timestamp': '2017-08-01T19:45:26+02:00', 'shop': {'id': 61, 'name': 'Steam'}, 'deal': {'price': {'amount': 12.49, 'amountInt': 1249, 'currency': 'USD'}, 'regular': {'amount': 49.99, 'amountInt': 4999, 'currency': 'USD'}, 'cut': 75}}, {'timestamp': '2017-07-05T19:46:14+02:00', 'shop': {'id': 61, 'name': 'Steam'}, 'deal': {'price': {'amount': 49.99, 'amountInt': 4999, 'currency': 'USD'}, 'regular': {'amount': 49.99, 'amountInt': 4999, 'currency': 'USD'}, 'cut': 0}}, {'timestamp': '2017-06-22T20:45:43+02:00', 'shop': {'id': 61, 'name': 'Steam'}, 'deal': {'price': {'amount': 12.49, 'amountInt': 1249, 'currency': 'USD'}, 'regular': {'amount': 49.99, 'amountInt': 4999, 'currency': 'USD'}, 'cut': 75}}, {'timestamp': '2017-04-03T20:16:07+02:00', 'shop': {'id': 61, 'name': 'Steam'}, 'deal': {'price': {'amount': 49.99, 'amountInt': 4999, 'currency': 'USD'}, 'regular': {'amount': 49.99, 'amountInt': 4999, 'currency': 'USD'}, 'cut': 0}}, {'timestamp': '2017-03-30T19:15:56+02:00', 'shop': {'id': 61, 'name': 'Steam'}, 'deal': {'price': {'amount': 12.49, 'amountInt': 1249, 'currency': 'USD'}, 'regular': {'amount': 49.99, 'amountInt': 4999, 'currency': 'USD'}, 'cut': 75}}, {'timestamp': '2017-02-27T19:15:30+01:00', 'shop': {'id': 61, 'name': 'Steam'}, 'deal': {'price': {'amount': 49.99, 'amountInt': 4999, 'currency': 'USD'}, 'regular': {'amount': 49.99, 'amountInt': 4999, 'currency': 'USD'}, 'cut': 0}}, {'timestamp': '2017-02-23T19:45:38+01:00', 'shop': {'id': 61, 'name': 'Steam'}, 'deal': {'price': {'amount': 12.49, 'amountInt': 1249, 'currency': 'USD'}, 'regular': {'amount': 49.99, 'amountInt': 4999, 'currency': 'USD'}, 'cut': 75}}, {'timestamp': '2017-01-02T19:16:32+01:00', 'shop': {'id': 61, 'name': 'Steam'}, 'deal': {'price': {'amount': 49.99, 'amountInt': 4999, 'currency': 'USD'}, 'regular': {'amount': 49.99, 'amountInt': 4999, 'currency': 'USD'}, 'cut': 0}}, {'timestamp': '2016-12-22T20:15:43+01:00', 'shop': {'id': 61, 'name': 'Steam'}, 'deal': {'price': {'amount': 12.49, 'amountInt': 1249, 'currency': 'USD'}, 'regular': {'amount': 49.99, 'amountInt': 4999, 'currency': 'USD'}, 'cut': 75}}, {'timestamp': '2016-11-29T19:46:05+01:00', 'shop': {'id': 61, 'name': 'Steam'}, 'deal': {'price': {'amount': 49.99, 'amountInt': 4999, 'currency': 'USD'}, 'regular': {'amount': 49.99, 'amountInt': 4999, 'currency': 'USD'}, 'cut': 0}}, {'timestamp': '2016-11-23T19:46:00+01:00', 'shop': {'id': 61, 'name': 'Steam'}, 'deal': {'price': {'amount': 16.99, 'amountInt': 1699, 'currency': 'USD'}, 'regular': {'amount': 49.99, 'amountInt': 4999, 'currency': 'USD'}, 'cut': 66}}, {'timestamp': '2016-10-10T19:15:34+02:00', 'shop': {'id': 61, 'name': 'Steam'}, 'deal': {'price': {'amount': 49.99, 'amountInt': 4999, 'currency': 'USD'}, 'regular': {'amount': 49.99, 'amountInt': 4999, 'currency': 'USD'}, 'cut': 0}}, {'timestamp': '2016-10-06T19:15:48+02:00', 'shop': {'id': 61, 'name': 'Steam'}, 'deal': {'price': {'amount': 16.99, 'amountInt': 1699, 'currency': 'USD'}, 'regular': {'amount': 49.99, 'amountInt': 4999, 'currency': 'USD'}, 'cut': 66}}, {'timestamp': '2016-07-04T18:25:26+02:00', 'shop': {'id': 61, 'name': 'Steam'}, 'deal': {'price': {'amount': 49.99, 'amountInt': 4999, 'currency': 'USD'}, 'regular': {'amount': 49.99, 'amountInt': 4999, 'currency': 'USD'}, 'cut': 0}}, {'timestamp': '2016-06-23T22:23:45+02:00', 'shop': {'id': 61, 'name': 'Steam'}, 'deal': {'price': {'amount': 19.99, 'amountInt': 1999, 'currency': 'USD'}, 'regular': {'amount': 49.99, 'amountInt': 4999, 'currency': 'USD'}, 'cut': 60}}, {'timestamp': '2016-05-02T19:13:58+02:00', 'shop': {'id': 61, 'name': 'Steam'}, 'deal': {'price': {'amount': 49.99, 'amountInt': 4999, 'currency': 'USD'}, 'regular': {'amount': 49.99, 'amountInt': 4999, 'currency': 'USD'}, 'cut': 0}}, {'timestamp': '2016-04-28T19:54:55+02:00', 'shop': {'id': 61, 'name': 'Steam'}, 'deal': {'price': {'amount': 24.99, 'amountInt': 2499, 'currency': 'USD'}, 'regular': {'amount': 49.99, 'amountInt': 4999, 'currency': 'USD'}, 'cut': 50}}, {'timestamp': '2016-01-04T19:10:11+01:00', 'shop': {'id': 61, 'name': 'Steam'}, 'deal': {'price': {'amount': 49.99, 'amountInt': 4999, 'currency': 'USD'}, 'regular': {'amount': 49.99, 'amountInt': 4999, 'currency': 'USD'}, 'cut': 0}}, {'timestamp': '2015-12-22T20:57:06+01:00', 'shop': {'id': 61, 'name': 'Steam'}, 'deal': {'price': {'amount': 33.49, 'amountInt': 3349, 'currency': 'USD'}, 'regular': {'amount': 49.99, 'amountInt': 4999, 'currency': 'USD'}, 'cut': 33}}, {'timestamp': '2015-07-03T06:12:52+02:00', 'shop': {'id': 61, 'name': 'Steam'}, 'deal': {'price': {'amount': 49.99, 'amountInt': 4999, 'currency': 'USD'}, 'regular': {'amount': 49.99, 'amountInt': 4999, 'currency': 'USD'}, 'cut': 0}}]"
018d937f-157f-71fc-bc96-6376789a09aa,"[{'timestamp': '2024-07-11T19:54:22+02:00', 'shop': {'id': 61, 'name': 'Steam'}, 'deal': {'price': {'amount': 49.99, 'amountInt': 4999, 'currency': 'USD'}, 'regular': {'amount': 49.99, 'amountInt': 4999, 'currency': 'USD'}, 'cut': 0}}, {'timestamp': '2024-06-27T20:23:24+02:00', 'shop': {'id': 61, 'name': 'Steam'}, 'deal': {'price': {'amount': 39.99, 'amountInt': 3999, 'currency': 'USD'}, 'regular': {'amount': 49.99, 'amountInt': 4999, 'currency': 'USD'}, 'cut': 20}}, {'timestamp': '2024-03-21T18:52:12+01:00', 'shop': {'id': 61, 'name': 'Steam'}, 'deal': {'price': {'amount': 49.99, 'amountInt': 4999, 'currency': 'USD'}, 'regular': {'amount': 49.99, 'amountInt': 4999, 'currency': 'USD'}, 'cut': 0}}, {'timestamp': '2024-02-29T19:00:29+01:00', 'shop': {'id': 61, 'name': 'Steam'}, 'deal': {'price': {'amount': 39.99, 'amountInt': 3999, 'currency': 'USD'}, 'regular': {'amount': 49.99, 'amountInt': 4999, 'currency': 'USD'}, 'cut': 20}}, {'timestamp': '2024-02-11T06:26:31+01:00', 'shop': {'id': 61, 'name': 'Steam'}, 'deal': {'price': {'amount': 49.99, 'amountInt': 4999, 'currency': 'USD'}, 'regular': {'amount': 49.99, 'amountInt': 4999, 'currency': 'USD'}, 'cut': 0}}, {'timestamp': '2024-01-04T19:18:55+01:00', 'shop': {'id': 61, 'name': 'Steam'}, 'deal': {'price': {'amount': 49.99, 'amountInt': 4999, 'currency': 'USD'}, 'regular': {'amount': 49.99, 'amountInt': 4999, 'currency': 'USD'}, 'cut': 0}}, {'timestamp': '2023-12-19T19:03:17+01:00', 'shop': {'id': 61, 'name': 'Steam'}, 'deal': {'price': {'amount': 39.99, 'amountInt': 3999, 'currency': 'USD'}, 'regular': {'amount': 49.99, 'amountInt': 4999, 'currency': 'USD'}, 'cut': 20}}, {'timestamp': '2023-07-13T21:05:00+02:00', 'shop': {'id': 61, 'name': 'Steam'}, 'deal': {'price': {'amount': 49.99, 'amountInt': 4999, 'currency': 'USD'}, 'regular': {'amount': 49.99, 'amountInt': 4999, 'currency': 'USD'}, 'cut': 0}}, {'timestamp': '2023-06-22T21:33:11+02:00', 'shop': {'id': 61, 'name': 'Steam'}, 'deal': {'price': {'amount': 39.99, 'amountInt': 3999, 'currency': 'USD'}, 'regular': {'amount': 49.99, 'amountInt': 4999, 'currency': 'USD'}, 'cut': 20}}, {'timestamp': '2023-02-24T15:39:42+01:00', 'shop': {'id': 61, 'name': 'Steam'}, 'deal': {'price': {'amount': 49.99, 'amountInt': 4999, 'currency': 'USD'}, 'regular': {'amount': 49.99, 'amountInt': 4999, 'currency': 'USD'}, 'cut': 0}}]"
018d937f-1d1f-73fa-9019-5296fb21b8c9,"[{'timestamp': '2022-03-20T20:12:10+01:00', 'shop': {'id': 61, 'name': 'Steam'}, 'deal': {'price': {'amount': 0, 'amountInt': 0, 'currency': 'USD'}, 'regular': {'amount': 0, 'amountInt': 0, 'currency': 'USD'}, 'cut': 0}}, {'timestamp': '2022-03-12T14:16:00+01:00', 'shop': {'id': 61, 'name': 'Steam'}, 'deal': {'price': {'amount': 0, 'amountInt': 0, 'currency': 'USD'}, 'regular': {'amount': 0, 'amountInt': 0, 'currency': 'USD'}, 'cut': 0}}, {'timestamp': '2022-02-12T20:41:43+01:00', 'shop': {'id': 61, 'name': 'Steam'}, 'deal': {'price': {'amount': 0, 'amountInt': 0, 'currency': 'USD'}, 'regular': {'amount': 0, 'amountInt': 0, 'currency': 'USD'}, 'cut': 0}}, {'timestamp': '2021-05-06T02:18:57+02:00', 'shop': {'id': 61, 'name': 'Steam'}, 'deal': {'price': {'amount': 0, 'amountInt': 0, 'currency': 'USD'}, 'regular': {'amount': 0, 'amountInt': 0, 'currency': 'USD'}, 'cut': 0}}, {'timestamp': '2021-03-27T12:49:31+01:00', 'shop': {'id': 61, 'name': 'Steam'}, 'deal': {'price': {'amount': 0, 'amountInt': 0, 'currency': 'USD'}, 'regular': {'amount': 0, 'amountInt': 0, 'currency': 'USD'}, 'cut': 0}}, {'timestamp': '2018-08-14T03:10:42+02:00', 'shop': {'id': 61, 'name': 'Steam'}, 'deal': {'price': {'amount': 0, 'amountInt': 0, 'currency': 'USD'}, 'regular': {'amount': 0, 'amountInt': 0, 'currency': 'USD'}, 'cut': 0}}]"
018d937f-0996-70db-98a6-599fb8cf18fa,"[{'timestamp': '2024-07-22T19:16:49+02:00', 'shop': {'id': 61, 'name': 'Steam'}, 'deal': {'price': {'amount': 29.99, 'amountInt': 2999, 'currency': 'USD'}, 'regular': {'amount': 29.99, 'amountInt': 2999, 'currency': 'USD'}, 'cut': 0}}, {'timestamp': '2024-07-15T19:16:09+02:00', 'shop': {'id': 61, 'name': 'Steam'}, 'deal': {'price': {'amount': 5.99, 'amountInt': 599, 'currency': 'USD'}, 'regular': {'amount': 29.99, 'amountInt': 2999, 'currency': 'USD'}, 'cut': 80}}, {'timestamp': '2024-07-11T19:25:53+02:00', 'shop': {'id': 61, 'name': 'Steam'}, 'deal': {'price': {'amount': 29.99, 'amountInt': 2999, 'currency': 'USD'}, 'regular': {'amount': 29.99, 'amountInt': 2999, 'currency': 'USD'}, 'cut': 0}}, {'timestamp': '2024-06-27T19:30:05+02:00', 'shop': {'id': 61, 'name': 'Steam'}, 'deal': {'price': {'amount': 5.99, 'amountInt': 599, 'currency': 'USD'}, 'regular': {'amount': 29.99, 'amountInt': 2999, 'currency': 'USD'}, 'cut': 80}}, {'timestamp': '2024-05-23T19:15:31+02:00', 'shop': {'id': 61, 'name': 'Steam'}, 'deal': {'price': {'amount': 29.99, 'amountInt': 2999, 'currency': 'USD'}, 'regular': {'amount': 29.99, 'amountInt': 2999, 'currency': 'USD'}, 'cut': 0}}, {'timestamp': '2024-05-16T19:18:06+02:00', 'shop': {'id': 61, 'name': 'Steam'}, 'deal': {'price': {'amount': 5.99, 'amountInt': 599, 'currency': 'USD'}, 'regular': {'amount': 29.99, 'amountInt': 2999, 'currency': 'USD'}, 'cut': 80}}, {'timestamp': '2024-03-21T18:22:29+01:00', 'shop': {'id': 61, 'name': 'Steam'}, 'deal': {'price': {'amount': 29.99, 'amountInt': 2999, 'currency': 'USD'}, 'regular': {'amount': 29.99, 'amountInt': 2999, 'currency': 'USD'}, 'cut': 0}}, {'timestamp': '2024-03-14T18:25:24+01:00', 'shop': {'id': 61, 'name': 'Steam'}, 'deal': {'price': {'amount': 5.99, 'amountInt': 599, 'currency': 'USD'}, 'regular': {'amount': 29.99, 'amountInt': 2999, 'currency': 'USD'}, 'cut': 80}}, {'timestamp': '2024-02-15T19:18:48+01:00', 'shop': {'id': 61, 'name': 'Steam'}, 'deal': {'price': {'amount': 29.99, 'amountInt': 2999, 'currency': 'USD'}, 'regular': {'amount': 29.99, 'amountInt': 2999, 'currency': 'USD'}, 'cut': 0}}, {'timestamp': '2024-02-11T03:19:55+01:00', 'shop': {'id': 61, 'name': 'Steam'}, 'deal': {'price': {'amount': 5.99, 'amountInt': 599, 'currency': 'USD'}, 'regular': {'amount': 29.99, 'amountInt': 2999, 'currency': 'USD'}, 'cut': 80}}, {'timestamp': '2024-02-06T19:19:40+01:00', 'shop': {'id': 61, 'name': 'Steam'}, 'deal': {'price': {'amount': 5.99, 'amountInt': 599, 'currency': 'USD'}, 'regular': {'amount': 29.99, 'amountInt': 2999, 'currency': 'USD'}, 'cut': 80}}, {'timestamp': '2024-01-04T19:48:55+01:00', 'shop': {'id': 61, 'name': 'Steam'}, 'deal': {'price': {'amount': 29.99, 'amountInt': 2999, 'currency': 'USD'}, 'regular': {'amount': 29.99, 'amountInt': 2999, 'currency': 'USD'}, 'cut': 0}}, {'timestamp': '2023-12-22T01:04:30+01:00', 'shop': {'id': 61, 'name': 'Steam'}, 'deal': {'price': {'amount': 5.99, 'amountInt': 599, 'currency': 'USD'}, 'regular': {'amount': 29.99, 'amountInt': 2999, 'currency': 'USD'}, 'cut': 80}}, {'timestamp': '2023-11-28T19:57:19+01:00', 'shop': {'id': 61, 'name': 'Steam'}, 'deal': {'price': {'amount': 29.99, 'amountInt': 2999, 'currency': 'USD'}, 'regular': {'amount': 29.99, 'amountInt': 2999, 'currency': 'USD'}, 'cut': 0}}, {'timestamp': '2023-11-21T19:25:47+01:00', 'shop': {'id': 61, 'name': 'Steam'}, 'deal': {'price': {'amount': 5.99, 'amountInt': 599, 'currency': 'USD'}, 'regular': {'amount': 29.99, 'amountInt': 2999, 'currency': 'USD'}, 'cut': 80}}, {'timestamp': '2023-10-05T19:19:58+02:00', 'shop': {'id': 61, 'name': 'Steam'}, 'deal': {'price': {'amount': 29.99, 'amountInt': 2999, 'currency': 'USD'}, 'regular': {'amount': 29.99, 'amountInt': 2999, 'currency': 'USD'}, 'cut': 0}}, {'timestamp': '2023-09-27T19:19:02+02:00', 'shop': {'id': 61, 'name': 'Steam'}, 'deal': {'price': {'amount': 5.99, 'amountInt': 599, 'currency': 'USD'}, 'regular': {'amount': 29.99, 'amountInt': 2999, 'currency': 'USD'}, 'cut': 80}}, {'timestamp': '2023-07-13T19:24:51+02:00', 'shop': {'id': 61, 'name': 'Steam'}, 'deal': {'price': {'amount': 29.99, 'amountInt': 2999, 'currency': 'USD'}, 'regular': {'amount': 29.99, 'amountInt': 2999, 'currency': 'USD'}, 'cut': 0}}, {'timestamp': '2023-06-29T19:25:12+02:00', 'shop': {'id': 61, 'name': 'Steam'}, 'deal': {'price': {'amount': 5.99, 'amountInt': 599, 'currency': 'USD'}, 'regular': {'amount': 29.99, 'amountInt': 2999, 'currency': 'USD'}, 'cut': 80}}, {'timestamp': '2023-05-08T19:24:47+02:00', 'shop': {'id': 61, 'name': 'Steam'}, 'deal': {'price': {'amount': 29.99, 'amountInt': 2999, 'currency': 'USD'}, 'regular': {'amount': 29.99, 'amountInt': 2999, 'currency': 'USD'}, 'cut': 0}}, {'timestamp': '2023-04-27T19:15:37+02:00', 'shop': {'id': 61, 'name': 'Steam'}, 'deal': {'price': {'amount': 5.99, 'amountInt': 599, 'currency': 'USD'}, 'regular': {'amount': 29.99, 'amountInt': 2999, 'currency': 'USD'}, 'cut': 80}}, {'timestamp': '2023-03-23T22:37:24+01:00', 'shop': {'id': 61, 'name': 'Steam'}, 'deal': {'price': {'amount': 29.99, 'amountInt': 2999, 'currency': 'USD'}, 'regular': {'amount': 29.99, 'amountInt': 2999, 'currency': 'USD'}, 'cut': 0}}, {'timestamp': '2023-03-16T19:41:15+01:00', 'shop': {'id': 61, 'name': 'Steam'}, 'deal': {'price': {'amount': 5.99, 'amountInt': 599, 'currency': 'USD'}, 'regular': {'amount': 29.99, 'amountInt': 2999, 'currency': 'USD'}, 'cut': 80}}, {'timestamp': '2023-01-27T05:03:19+01:00', 'shop': {'id': 61, 'name': 'Steam'}, 'deal': {'price': {'amount': 29.99, 'amountInt': 2999, 'currency': 'USD'}, 'regular': {'amount': 29.99, 'amountInt': 2999, 'currency': 'USD'}, 'cut': 0}}, {'timestamp': '2023-01-18T05:18:15+01:00', 'shop': {'id': 61, 'name': 'Steam'}, 'deal': {'price': {'amount': 5.99, 'amountInt': 599, 'currency': 'USD'}, 'regular': {'amount': 29.99, 'amountInt': 2999, 'currency': 'USD'}, 'cut': 80}}, {'timestamp': '2023-01-05T22:37:01+01:00', 'shop': {'id': 61, 'name': 'Steam'}, 'deal': {'price': {'amount': 29.99, 'amountInt': 2999, 'currency': 'USD'}, 'regular': {'amount': 29.99, 'amountInt': 2999, 'currency': 'USD'}, 'cut': 0}}, {'timestamp': '2022-12-22T19:23:25+01:00', 'shop': {'id': 61, 'name': 'Steam'}, 'deal': {'price': {'amount': 5.99, 'amountInt': 599, 'currency': 'USD'}, 'regular': {'amount': 29.99, 'amountInt': 2999, 'currency': 'USD'}, 'cut': 80}}, {'timestamp': '2022-11-29T19:36:25+01:00', 'shop': {'id': 61, 'name': 'Steam'}, 'deal': {'price': {'amount': 29.99, 'amountInt': 2999, 'currency': 'USD'}, 'regular': {'amount': 29.99, 'amountInt': 2999, 'currency': 'USD'}, 'cut': 0}}, {'timestamp': '2022-11-22T23:34:07+01:00', 'shop': {'id': 61, 'name': 'Steam'}, 'deal': {'price': {'amount': 5.99, 'amountInt': 599, 'currency': 'USD'}, 'regular': {'amount': 29.99, 'amountInt': 2999, 'currency': 'USD'}, 'cut': 80}}, {'timestamp': '2022-09-05T19:30:34+02:00', 'shop': {'id': 61, 'name': 'Steam'}, 'deal': {'price': {'amount': 29.99, 'amountInt': 2999, 'currency': 'USD'}, 'regular': {'amount': 29.99, 'amountInt': 2999, 'currency': 'USD'}, 'cut': 0}}, {'timestamp': '2022-08-29T19:12:59+02:00', 'shop': {'id': 61, 'name': 'Steam'}, 'deal': {'price': {'amount': 5.99, 'amountInt': 599, 'currency': 'USD'}, 'regular': {'amount': 29.99, 'amountInt': 2999, 'currency': 'USD'}, 'cut': 80}}, {'timestamp': '2022-07-07T19:06:51+02:00', 'shop': {'id': 61, 'name': 'Steam'}, 'deal': {'price': {'amount': 29.99, 'amountInt': 2999, 'currency': 'USD'}, 'regular': {'amount': 29.99, 'amountInt': 2999, 'currency': 'USD'}, 'cut': 0}}, {'timestamp': '2022-06-24T01:11:16+02:00', 'shop': {'id': 61, 'name': 'Steam'}, 'deal': {'price': {'amount': 5.99, 'amountInt': 599, 'currency': 'USD'}, 'regular': {'amount': 29.99, 'amountInt': 2999, 'currency': 'USD'}, 'cut': 80}}, {'timestamp': '2022-05-16T19:06:01+02:00', 'shop': {'id': 61, 'name': 'Steam'}, 'deal': {'price': {'amount': 29.99, 'amountInt': 2999, 'currency': 'USD'}, 'regular': {'amount': 29.99, 'amountInt': 2999, 'currency': 'USD'}, 'cut': 0}}, {'timestamp': '2022-05-05T19:50:52+02:00', 'shop': {'id': 61, 'name': 'Steam'}, 'deal': {'price': {'amount': 5.99, 'amountInt': 599, 'currency': 'USD'}, 'regular': {'amount': 29.99, 'amountInt': 2999, 'currency': 'USD'}, 'cut': 80}}, {'timestamp': '2022-02-14T19:39:54+01:00', 'shop': {'id': 61, 'name': 'Steam'}, 'deal': {'price': {'amount': 29.99, 'amountInt': 2999, 'currency': 'USD'}, 'regular': {'amount': 29.99, 'amountInt': 2999, 'currency': 'USD'}, 'cut': 0}}, {'timestamp': '2022-02-07T20:16:45+01:00', 'shop': {'id': 61, 'name': 'Steam'}, 'deal': {'price': {'amount': 5.99, 'amountInt': 599, 'currency': 'USD'}, 'regular': {'amount': 29.99, 'amountInt': 2999, 'currency': 'USD'}, 'cut': 80}}, {'timestamp': '2022-02-03T19:10:17+01:00', 'shop': {'id': 61, 'name': 'Steam'}, 'deal': {'price': {'amount': 29.99, 'amountInt': 2999, 'currency': 'USD'}, 'regular': {'amount': 29.99, 'amountInt': 2999, 'currency': 'USD'}, 'cut': 0}}, {'timestamp': '2022-01-27T19:55:09+01:00', 'shop': {'id': 61, 'name': 'Steam'}, 'deal': {'price': {'amount': 5.99, 'amountInt': 599, 'currency': 'USD'}, 'regular': {'amount': 29.99, 'amountInt': 2999, 'currency': 'USD'}, 'cut': 80}}, {'timestamp': '2022-01-05T20:35:19+01:00', 'shop': {'id': 61, 'name': 'Steam'}, 'deal': {'price': {'amount': 29.99, 'amountInt': 2999, 'currency': 'USD'}, 'regular': {'amount': 29.99, 'amountInt': 2999, 'currency': 'USD'}, 'cut': 0}}, {'timestamp': '2021-12-22T23:14:02+01:00', 'shop': {'id': 61, 'name': 'Steam'}, 'deal': {'price': {'amount': 5.99, 'amountInt': 599, 'currency': 'USD'}, 'regular': {'amount': 29.99, 'amountInt': 2999, 'currency': 'USD'}, 'cut': 80}}, {'timestamp': '2021-12-01T20:08:34+01:00', 'shop': {'id': 61, 'name': 'Steam'}, 'deal': {'price': {'amount': 29.99, 'amountInt': 2999, 'currency': 'USD'}, 'regular': {'amount': 29.99, 'amountInt': 2999, 'currency': 'USD'}, 'cut': 0}}, {'timestamp': '2021-11-24T19:12:50+01:00', 'shop': {'id': 61, 'name': 'Steam'}, 'deal': {'price': {'amount': 5.99, 'amountInt': 599, 'currency': 'USD'}, 'regular': {'amount': 29.99, 'amountInt': 2999, 'currency': 'USD'}, 'cut': 80}}, {'timestamp': '2021-11-01T19:14:48+01:00', 'shop': {'id': 61, 'name': 'Steam'}, 'deal': {'price': {'amount': 29.99, 'amountInt': 2999, 'currency': 'USD'}, 'regular': {'amount': 29.99, 'amountInt': 2999, 'currency': 'USD'}, 'cut': 0}}, {'timestamp': '2021-10-28T20:12:02+02:00', 'shop': {'id': 61, 'name': 'Steam'}, 'deal': {'price': {'amount': 5.99, 'amountInt': 599, 'currency': 'USD'}, 'regular': {'amount': 29.99, 'amountInt': 2999, 'currency': 'USD'}, 'cut': 80}}, {'timestamp': '2021-07-08T20:36:13+02:00', 'shop': {'id': 61, 'name': 'Steam'}, 'deal': {'price': {'amount': 29.99, 'amountInt': 2999, 'currency': 'USD'}, 'regular': {'amount': 29.99, 'amountInt': 2999, 'currency': 'USD'}, 'cut': 0}}, {'timestamp': '2021-06-24T23:41:22+02:00', 'shop': {'id': 61, 'name': 'Steam'}, 'deal': {'price': {'amount': 7.49, 'amountInt': 749, 'currency': 'USD'}, 'regular': {'amount': 29.99, 'amountInt': 2999, 'currency': 'USD'}, 'cut': 75}}, {'timestamp': '2021-05-31T19:25:31+02:00', 'shop': {'id': 61, 'name': 'Steam'}, 'deal': {'price': {'amount': 29.99, 'amountInt': 2999, 'currency': 'USD'}, 'regular': {'amount': 29.99, 'amountInt': 2999, 'currency': 'USD'}, 'cut': 0}}, {'timestamp': '2021-05-27T19:30:09+02:00', 'shop': {'id': 61, 'name': 'Steam'}, 'deal': {'price': {'amount': 7.49, 'amountInt': 749, 'currency': 'USD'}, 'regular': {'amount': 29.99, 'amountInt': 2999, 'currency': 'USD'}, 'cut': 75}}, {'timestamp': '2021-05-11T19:18:54+02:00', 'shop': {'id': 61, 'name': 'Steam'}, 'deal': {'price': {'amount': 29.99, 'amountInt': 2999, 'currency': 'USD'}, 'regular': {'amount': 29.99, 'amountInt': 2999, 'currency': 'USD'}, 'cut': 0}}, {'timestamp': '2021-05-06T19:18:13+02:00', 'shop': {'id': 61, 'name': 'Steam'}, 'deal': {'price': {'amount': 5.99, 'amountInt': 599, 'currency': 'USD'}, 'regular': {'amount': 29.99, 'amountInt': 2999, 'currency': 'USD'}, 'cut': 80}}, {'timestamp': '2021-03-27T11:34:24+01:00', 'shop': {'id': 61, 'name': 'Steam'}, 'deal': {'price': {'amount': 29.99, 'amountInt': 2999, 'currency': 'USD'}, 'regular': {'amount': 29.99, 'amountInt': 2999, 'currency': 'USD'}, 'cut': 0}}, {'timestamp': '2021-02-15T19:23:55+01:00', 'shop': {'id': 61, 'name': 'Steam'}, 'deal': {'price': {'amount': 29.99, 'amountInt': 2999, 'currency': 'USD'}, 'regular': {'amount': 29.99, 'amountInt': 2999, 'currency': 'USD'}, 'cut': 0}}, {'timestamp': '2021-02-08T21:21:10+01:00', 'shop': {'id': 61, 'name': 'Steam'}, 'deal': {'price': {'amount': 7.49, 'amountInt': 749, 'currency': 'USD'}, 'regular': {'amount': 29.99, 'amountInt': 2999, 'currency': 'USD'}, 'cut': 75}}, {'timestamp': '2021-01-05T19:57:26+01:00', 'shop': {'id': 61, 'name': 'Steam'}, 'deal': {'price': {'amount': 29.99, 'amountInt': 2999, 'currency': 'USD'}, 'regular': {'amount': 29.99, 'amountInt': 2999, 'currency': 'USD'}, 'cut': 0}}, {'timestamp': '2020-12-22T20:01:07+01:00', 'shop': {'id': 61, 'name': 'Steam'}, 'deal': {'price': {'amount': 7.49, 'amountInt': 749, 'currency': 'USD'}, 'regular': {'amount': 29.99, 'amountInt': 2999, 'currency': 'USD'}, 'cut': 75}}, {'timestamp': '2020-12-01T19:25:25+01:00', 'shop': {'id': 61, 'name': 'Steam'}, 'deal': {'price': {'amount': 29.99, 'amountInt': 2999, 'currency': 'USD'}, 'regular': {'amount': 29.99, 'amountInt': 2999, 'currency': 'USD'}, 'cut': 0}}, {'timestamp': '2020-11-25T19:33:14+01:00', 'shop': {'id': 61, 'name': 'Steam'}, 'deal': {'price': {'amount': 7.49, 'amountInt': 749, 'currency': 'USD'}, 'regular': {'amount': 29.99, 'amountInt': 2999, 'currency': 'USD'}, 'cut': 75}}, {'timestamp': '2020-11-16T19:21:18+01:00', 'shop': {'id': 61, 'name': 'Steam'}, 'deal': {'price': {'amount': 29.99, 'amountInt': 2999, 'currency': 'USD'}, 'regular': {'amount': 29.99, 'amountInt': 2999, 'currency': 'USD'}, 'cut': 0}}, {'timestamp': '2020-11-12T19:21:24+01:00', 'shop': {'id': 61, 'name': 'Steam'}, 'deal': {'price': {'amount': 7.49, 'amountInt': 749, 'currency': 'USD'}, 'regular': {'amount': 29.99, 'amountInt': 2999, 'currency': 'USD'}, 'cut': 75}}, {'timestamp': '2020-11-02T19:27:27+01:00', 'shop': {'id': 61, 'name': 'Steam'}, 'deal': {'price': {'amount': 29.99, 'amountInt': 2999, 'currency': 'USD'}, 'regular': {'amount': 29.99, 'amountInt': 2999, 'currency': 'USD'}, 'cut': 0}}, {'timestamp': '2020-10-29T18:07:41+01:00', 'shop': {'id': 61, 'name': 'Steam'}, 'deal': {'price': {'amount': 7.49, 'amountInt': 749, 'currency': 'USD'}, 'regular': {'amount': 29.99, 'amountInt': 2999, 'currency': 'USD'}, 'cut': 75}}, {'timestamp': '2020-07-09T19:34:41+02:00', 'shop': {'id': 61, 'name': 'Steam'}, 'deal': {'price': {'amount': 29.99, 'amountInt': 2999, 'currency': 'USD'}, 'regular': {'amount': 29.99, 'amountInt': 2999, 'currency': 'USD'}, 'cut': 0}}, {'timestamp': '2020-06-25T20:34:44+02:00', 'shop': {'id': 61, 'name': 'Steam'}, 'deal': {'price': {'amount': 7.49, 'amountInt': 749, 'currency': 'USD'}, 'regular': {'amount': 29.99, 'amountInt': 2999, 'currency': 'USD'}, 'cut': 75}}, {'timestamp': '2020-04-20T19:22:30+02:00', 'shop': {'id': 61, 'name': 'Steam'}, 'deal': {'price': {'amount': 29.99, 'amountInt': 2999, 'currency': 'USD'}, 'regular': {'amount': 29.99, 'amountInt': 2999, 'currency': 'USD'}, 'cut': 0}}, {'timestamp': '2020-04-16T19:21:38+02:00', 'shop': {'id': 61, 'name': 'Steam'}, 'deal': {'price': {'amount': 7.49, 'amountInt': 749, 'currency': 'USD'}, 'regular': {'amount': 29.99, 'amountInt': 2999, 'currency': 'USD'}, 'cut': 75}}, {'timestamp': '2020-01-27T19:27:50+01:00', 'shop': {'id': 61, 'name': 'Steam'}, 'deal': {'price': {'amount': 29.99, 'amountInt': 2999, 'currency': 'USD'}, 'regular': {'amount': 29.99, 'amountInt': 2999, 'currency': 'USD'}, 'cut': 0}}, {'timestamp': '2020-01-23T19:30:24+01:00', 'shop': {'id': 61, 'name': 'Steam'}, 'deal': {'price': {'amount': 7.49, 'amountInt': 749, 'currency': 'USD'}, 'regular': {'amount': 29.99, 'amountInt': 2999, 'currency': 'USD'}, 'cut': 75}}, {'timestamp': '2020-01-02T19:41:42+01:00', 'shop': {'id': 61, 'name': 'Steam'}, 'deal': {'price': {'amount': 29.99, 'amountInt': 2999, 'currency': 'USD'}, 'regular': {'amount': 29.99, 'amountInt': 2999, 'currency': 'USD'}, 'cut': 0}}, {'timestamp': '2019-12-19T19:09:11+01:00', 'shop': {'id': 61, 'name': 'Steam'}, 'deal': {'price': {'amount': 7.49, 'amountInt': 749, 'currency': 'USD'}, 'regular': {'amount': 29.99, 'amountInt': 2999, 'currency': 'USD'}, 'cut': 75}}, {'timestamp': '2019-12-03T19:26:22+01:00', 'shop': {'id': 61, 'name': 'Steam'}, 'deal': {'price': {'amount': 29.99, 'amountInt': 2999, 'currency': 'USD'}, 'regular': {'amount': 29.99, 'amountInt': 2999, 'currency': 'USD'}, 'cut': 0}}, {'timestamp': '2019-11-26T19:56:41+01:00', 'shop': {'id': 61, 'name': 'Steam'}, 'deal': {'price': {'amount': 7.49, 'amountInt': 749, 'currency': 'USD'}, 'regular': {'amount': 29.99, 'amountInt': 2999, 'currency': 'USD'}, 'cut': 75}}, {'timestamp': '2019-11-12T17:22:13+01:00', 'shop': {'id': 61, 'name': 'Steam'}, 'deal': {'price': {'amount': 29.99, 'amountInt': 2999, 'currency': 'USD'}, 'regular': {'amount': 29.99, 'amountInt': 2999, 'currency': 'USD'}, 'cut': 0}}, {'timestamp': '2019-11-10T18:21:12+01:00', 'shop': {'id': 61, 'name': 'Steam'}, 'deal': {'price': {'amount': 7.49, 'amountInt': 749, 'currency': 'USD'}, 'regular': {'amount': 29.99, 'amountInt': 2999, 'currency': 'USD'}, 'cut': 75}}, {'timestamp': '2019-11-01T18:28:13+01:00', 'shop': {'id': 61, 'name': 'Steam'}, 'deal': {'price': {'amount': 29.99, 'amountInt': 2999, 'currency': 'USD'}, 'regular': {'amount': 29.99, 'amountInt': 2999, 'currency': 'USD'}, 'cut': 0}}, {'timestamp': '2019-10-28T19:00:04+01:00', 'shop': {'id': 61, 'name': 'Steam'}, 'deal': {'price': {'amount': 7.49, 'amountInt': 749, 'currency': 'USD'}, 'regular': {'amount': 29.99, 'amountInt': 2999, 'currency': 'USD'}, 'cut': 75}}, {'timestamp': '2019-09-05T19:35:09+02:00', 'shop': {'id': 61, 'name': 'Steam'}, 'deal': {'price': {'amount': 29.99, 'amountInt': 2999, 'currency': 'USD'}, 'regular': {'amount': 29.99, 'amountInt': 2999, 'currency': 'USD'}, 'cut': 0}}, {'timestamp': '2019-08-29T19:21:42+02:00', 'shop': {'id': 61, 'name': 'Steam'}, 'deal': {'price': {'amount': 7.49, 'amountInt': 749, 'currency': 'USD'}, 'regular': {'amount': 29.99, 'amountInt': 2999, 'currency': 'USD'}, 'cut': 75}}, {'timestamp': '2019-07-09T20:44:30+02:00', 'shop': {'id': 61, 'name': 'Steam'}, 'deal': {'price': {'amount': 29.99, 'amountInt': 2999, 'currency': 'USD'}, 'regular': {'amount': 29.99, 'amountInt': 2999, 'currency': 'USD'}, 'cut': 0}}, {'timestamp': '2019-06-26T05:04:38+02:00', 'shop': {'id': 61, 'name': 'Steam'}, 'deal': {'price': {'amount': 7.49, 'amountInt': 749, 'currency': 'USD'}, 'regular': {'amount': 29.99, 'amountInt': 2999, 'currency': 'USD'}, 'cut': 75}}, {'timestamp': '2019-06-14T19:54:13+02:00', 'shop': {'id': 61, 'name': 'Steam'}, 'deal': {'price': {'amount': 29.99, 'amountInt': 2999, 'currency': 'USD'}, 'regular': {'amount': 29.99, 'amountInt': 2999, 'currency': 'USD'}, 'cut': 0}}, {'timestamp': '2019-06-10T05:04:32+02:00', 'shop': {'id': 61, 'name': 'Steam'}, 'deal': {'price': {'amount': 7.49, 'amountInt': 749, 'currency': 'USD'}, 'regular': {'amount': 29.99, 'amountInt': 2999, 'currency': 'USD'}, 'cut': 75}}, {'timestamp': '2019-05-10T19:17:06+02:00', 'shop': {'id': 61, 'name': 'Steam'}, 'deal': {'price': {'amount': 29.99, 'amountInt': 2999, 'currency': 'USD'}, 'regular': {'amount': 29.99, 'amountInt': 2999, 'currency': 'USD'}, 'cut': 0}}, {'timestamp': '2019-05-07T20:00:19+02:00', 'shop': {'id': 61, 'name': 'Steam'}, 'deal': {'price': {'amount': 7.49, 'amountInt': 749, 'currency': 'USD'}, 'regular': {'amount': 29.99, 'amountInt': 2999, 'currency': 'USD'}, 'cut': 75}}, {'timestamp': '2019-02-17T19:08:33+01:00', 'shop': {'id': 61, 'name': 'Steam'}, 'deal': {'price': {'amount': 29.99, 'amountInt': 2999, 'currency': 'USD'}, 'regular': {'amount': 29.99, 'amountInt': 2999, 'currency': 'USD'}, 'cut': 0}}, {'timestamp': '2019-02-15T19:35:39+01:00', 'shop': {'id': 61, 'name': 'Steam'}, 'deal': {'price': {'amount': 7.5, 'amountInt': 750, 'currency': 'USD'}, 'regular': {'amount': 29.99, 'amountInt': 2999, 'currency': 'USD'}, 'cut': 75}}, {'timestamp': '2019-02-11T23:20:59+01:00', 'shop': {'id': 61, 'name': 'Steam'}, 'deal': {'price': {'amount': 29.99, 'amountInt': 2999, 'currency': 'USD'}, 'regular': {'amount': 29.99, 'amountInt': 2999, 'currency': 'USD'}, 'cut': 0}}, {'timestamp': '2019-02-04T22:58:44+01:00', 'shop': {'id': 61, 'name': 'Steam'}, 'deal': {'price': {'amount': 11.99, 'amountInt': 1199, 'currency': 'USD'}, 'regular': {'amount': 29.99, 'amountInt': 2999, 'currency': 'USD'}, 'cut': 60}}, {'timestamp': '2019-01-04T02:34:57+01:00', 'shop': {'id': 61, 'name': 'Steam'}, 'deal': {'price': {'amount': 29.99, 'amountInt': 2999, 'currency': 'USD'}, 'regular': {'amount': 29.99, 'amountInt': 2999, 'currency': 'USD'}, 'cut': 0}}, {'timestamp': '2018-12-20T19:41:25+01:00', 'shop': {'id': 61, 'name': 'Steam'}, 'deal': {'price': {'amount': 11.99, 'amountInt': 1199, 'currency': 'USD'}, 'regular': {'amount': 29.99, 'amountInt': 2999, 'currency': 'USD'}, 'cut': 60}}, {'timestamp': '2018-12-16T20:00:12+01:00', 'shop': {'id': 61, 'name': 'Steam'}, 'deal': {'price': {'amount': 29.99, 'amountInt': 2999, 'currency': 'USD'}, 'regular': {'amount': 29.99, 'amountInt': 2999, 'currency': 'USD'}, 'cut': 0}}, {'timestamp': '2018-12-13T19:47:26+01:00', 'shop': {'id': 61, 'name': 'Steam'}, 'deal': {'price': {'amount': 39.99, 'amountInt': 3999, 'currency': 'USD'}, 'regular': {'amount': 39.99, 'amountInt': 3999, 'currency': 'USD'}, 'cut': 0}}, {'timestamp': '2018-12-10T19:39:59+01:00', 'shop': {'id': 61, 'name': 'Steam'}, 'deal': {'price': {'amount': 29.99, 'amountInt': 2999, 'currency': 'USD'}, 'regular': {'amount': 29.99, 'amountInt': 2999, 'currency': 'USD'}, 'cut': 0}}, {'timestamp': '2018-12-06T19:26:19+01:00', 'shop': {'id': 61, 'name': 'Steam'}, 'deal': {'price': {'amount': 11.99, 'amountInt': 1199, 'currency': 'USD'}, 'regular': {'amount': 29.99, 'amountInt': 2999, 'currency': 'USD'}, 'cut': 60}}, {'timestamp': '2018-11-28T00:15:43+01:00', 'shop': {'id': 61, 'name': 'Steam'}, 'deal': {'price': {'amount': 29.99, 'amountInt': 2999, 'currency': 'USD'}, 'regular': {'amount': 29.99, 'amountInt': 2999, 'currency': 'USD'}, 'cut': 0}}, {'timestamp': '2018-11-21T23:55:22+01:00', 'shop': {'id': 61, 'name': 'Steam'}, 'deal': {'price': {'amount': 11.99, 'amountInt': 1199, 'currency': 'USD'}, 'regular': {'amount': 29.99, 'amountInt': 2999, 'currency': 'USD'}, 'cut': 60}}, {'timestamp': '2018-11-01T19:15:45+01:00', 'shop': {'id': 61, 'name': 'Steam'}, 'deal': {'price': {'amount': 29.99, 'amountInt': 2999, 'currency': 'USD'}, 'regular': {'amount': 29.99, 'amountInt': 2999, 'currency': 'USD'}, 'cut': 0}}, {'timestamp': '2018-10-30T01:53:15+01:00', 'shop': {'id': 61, 'name': 'Steam'}, 'deal': {'price': {'amount': 11.99, 'amountInt': 1199, 'currency': 'USD'}, 'regular': {'amount': 29.99, 'amountInt': 2999, 'currency': 'USD'}, 'cut': 60}}, {'timestamp': '2018-10-01T19:58:10+02:00', 'shop': {'id': 61, 'name': 'Steam'}, 'deal': {'price': {'amount': 29.99, 'amountInt': 2999, 'currency': 'USD'}, 'regular': {'amount': 29.99, 'amountInt': 2999, 'currency': 'USD'}, 'cut': 0}}, {'timestamp': '2018-09-25T19:22:18+02:00', 'shop': {'id': 61, 'name': 'Steam'}, 'deal': {'price': {'amount': 14.99, 'amountInt': 1499, 'currency': 'USD'}, 'regular': {'amount': 29.99, 'amountInt': 2999, 'currency': 'USD'}, 'cut': 50}}, {'timestamp': '2018-08-10T19:17:20+02:00', 'shop': {'id': 61, 'name': 'Steam'}, 'deal': {'price': {'amount': 29.99, 'amountInt': 2999, 'currency': 'USD'}, 'regular': {'amount': 29.99, 'amountInt': 2999, 'currency': 'USD'}, 'cut': 0}}, {'timestamp': '2018-08-02T21:46:58+02:00', 'shop': {'id': 61, 'name': 'Steam'}, 'deal': {'price': {'amount': 14.99, 'amountInt': 1499, 'currency': 'USD'}, 'regular': {'amount': 29.99, 'amountInt': 2999, 'currency': 'USD'}, 'cut': 50}}, {'timestamp': '2018-07-05T22:10:09+02:00', 'shop': {'id': 61, 'name': 'Steam'}, 'deal': {'price': {'amount': 29.99, 'amountInt': 2999, 'currency': 'USD'}, 'regular': {'amount': 29.99, 'amountInt': 2999, 'currency': 'USD'}, 'cut': 0}}, {'timestamp': '2018-06-21T20:43:49+02:00', 'shop': {'id': 61, 'name': 'Steam'}, 'deal': {'price': {'amount': 14.99, 'amountInt': 1499, 'currency': 'USD'}, 'regular': {'amount': 29.99, 'amountInt': 2999, 'currency': 'USD'}, 'cut': 50}}, {'timestamp': '2018-05-14T20:22:02+02:00', 'shop': {'id': 61, 'name': 'Steam'}, 'deal': {'price': {'amount': 29.99, 'amountInt': 2999, 'currency': 'USD'}, 'regular': {'amount': 29.99, 'amountInt': 2999, 'currency': 'USD'}, 'cut': 0}}, {'timestamp': '2018-05-10T22:50:36+02:00', 'shop': {'id': 61, 'name': 'Steam'}, 'deal': {'price': {'amount': 14.99, 'amountInt': 1499, 'currency': 'USD'}, 'regular': {'amount': 29.99, 'amountInt': 2999, 'currency': 'USD'}, 'cut': 50}}, {'timestamp': '2018-02-19T19:49:57+01:00', 'shop': {'id': 61, 'name': 'Steam'}, 'deal': {'price': {'amount': 29.99, 'amountInt': 2999, 'currency': 'USD'}, 'regular': {'amount': 29.99, 'amountInt': 2999, 'currency': 'USD'}, 'cut': 0}}, {'timestamp': '2018-02-15T22:18:39+01:00', 'shop': {'id': 61, 'name': 'Steam'}, 'deal': {'price': {'amount': 14.99, 'amountInt': 1499, 'currency': 'USD'}, 'regular': {'amount': 29.99, 'amountInt': 2999, 'currency': 'USD'}, 'cut': 50}}, {'timestamp': '2018-01-04T23:15:49+01:00', 'shop': {'id': 61, 'name': 'Steam'}, 'deal': {'price': {'amount': 29.99, 'amountInt': 2999, 'currency': 'USD'}, 'regular': {'amount': 29.99, 'amountInt': 2999, 'currency': 'USD'}, 'cut': 0}}, {'timestamp': '2017-12-19T01:15:38+01:00', 'shop': {'id': 61, 'name': 'Steam'}, 'deal': {'price': {'amount': 14.99, 'amountInt': 1499, 'currency': 'USD'}, 'regular': {'amount': 29.99, 'amountInt': 2999, 'currency': 'USD'}, 'cut': 50}}, {'timestamp': '2017-12-11T19:45:30+01:00', 'shop': {'id': 61, 'name': 'Steam'}, 'deal': {'price': {'amount': 29.99, 'amountInt': 2999, 'currency': 'USD'}, 'regular': {'amount': 29.99, 'amountInt': 2999, 'currency': 'USD'}, 'cut': 0}}, {'timestamp': '2017-12-07T20:15:43+01:00', 'shop': {'id': 61, 'name': 'Steam'}, 'deal': {'price': {'amount': 14.99, 'amountInt': 1499, 'currency': 'USD'}, 'regular': {'amount': 29.99, 'amountInt': 2999, 'currency': 'USD'}, 'cut': 50}}, {'timestamp': '2017-11-28T22:45:25+01:00', 'shop': {'id': 61, 'name': 'Steam'}, 'deal': {'price': {'amount': 29.99, 'amountInt': 2999, 'currency': 'USD'}, 'regular': {'amount': 29.99, 'amountInt': 2999, 'currency': 'USD'}, 'cut': 0}}, {'timestamp': '2017-11-22T20:15:47+01:00', 'shop': {'id': 61, 'name': 'Steam'}, 'deal': {'price': {'amount': 20.09, 'amountInt': 2009, 'currency': 'USD'}, 'regular': {'amount': 29.99, 'amountInt': 2999, 'currency': 'USD'}, 'cut': 33}}, {'timestamp': '2017-11-01T19:45:37+01:00', 'shop': {'id': 61, 'name': 'Steam'}, 'deal': {'price': {'amount': 29.99, 'amountInt': 2999, 'currency': 'USD'}, 'regular': {'amount': 29.99, 'amountInt': 2999, 'currency': 'USD'}, 'cut': 0}}, {'timestamp': '2017-10-26T22:15:31+02:00', 'shop': {'id': 61, 'name': 'Steam'}, 'deal': {'price': {'amount': 23.99, 'amountInt': 2399, 'currency': 'USD'}, 'regular': {'amount': 29.99, 'amountInt': 2999, 'currency': 'USD'}, 'cut': 20}}, {'timestamp': '2017-08-29T20:45:27+02:00', 'shop': {'id': 61, 'name': 'Steam'}, 'deal': {'price': {'amount': 29.99, 'amountInt': 2999, 'currency': 'USD'}, 'regular': {'amount': 29.99, 'amountInt': 2999, 'currency': 'USD'}, 'cut': 0}}, {'timestamp': '2017-07-19T07:45:23+02:00', 'shop': {'id': 61, 'name': 'Steam'}, 'deal': {'price': {'amount': 26.99, 'amountInt': 2699, 'currency': 'USD'}, 'regular': {'amount': 29.99, 'amountInt': 2999, 'currency': 'USD'}, 'cut': 10}}]"
018d937f-349f-71cd-8eba-8632260d3f33,"[{'timestamp': '2024-06-26T02:15:23+02:00', 'shop': {'id': 61, 'name': 'Steam'}, 'deal': {'price': {'amount': 9.99, 'amountInt': 999, 'currency': 'USD'}, 'regular': {'amount': 9.99, 'amountInt': 999, 'currency': 'USD'}, 'cut': 0}}, {'timestamp': '2024-06-21T19:15:18+02:00', 'shop': {'id': 61, 'name': 'Steam'}, 'deal': {'price': {'amount': 19.99, 'amountInt': 1999, 'currency': 'USD'}, 'regular': {'amount': 19.99, 'amountInt': 1999, 'currency': 'USD'}, 'cut': 0}}, {'timestamp': '2024-06-07T19:15:24+02:00', 'shop': {'id': 61, 'name': 'Steam'}, 'deal': {'price': {'amount': 5.99, 'amountInt': 599, 'currency': 'USD'}, 'regular': {'amount': 19.99, 'amountInt': 1999, 'currency': 'USD'}, 'cut': 70}}, {'timestamp': '2024-05-08T19:15:25+02:00', 'shop': {'id': 61, 'name': 'Steam'}, 'deal': {'price': {'amount': 19.99, 'amountInt': 1999, 'currency': 'USD'}, 'regular': {'amount': 19.99, 'amountInt': 1999, 'currency': 'USD'}, 'cut': 0}}, {'timestamp': '2024-04-24T19:18:26+02:00', 'shop': {'id': 61, 'name': 'Steam'}, 'deal': {'price': {'amount': 5.99, 'amountInt': 599, 'currency': 'USD'}, 'regular': {'amount': 19.99, 'amountInt': 1999, 'currency': 'USD'}, 'cut': 70}}, {'timestamp': '2024-03-21T18:22:05+01:00', 'shop': {'id': 61, 'name': 'Steam'}, 'deal': {'price': {'amount': 19.99, 'amountInt': 1999, 'currency': 'USD'}, 'regular': {'amount': 19.99, 'amountInt': 1999, 'currency': 'USD'}, 'cut': 0}}, {'timestamp': '2024-02-29T19:15:20+01:00', 'shop': {'id': 61, 'name': 'Steam'}, 'deal': {'price': {'amount': 5.99, 'amountInt': 599, 'currency': 'USD'}, 'regular': {'amount': 19.99, 'amountInt': 1999, 'currency': 'USD'}, 'cut': 70}}, {'timestamp': '2024-02-11T02:49:43+01:00', 'shop': {'id': 61, 'name': 'Steam'}, 'deal': {'price': {'amount': 19.99, 'amountInt': 1999, 'currency': 'USD'}, 'regular': {'amount': 19.99, 'amountInt': 1999, 'currency': 'USD'}, 'cut': 0}}, {'timestamp': '2024-01-30T20:08:49+01:00', 'shop': {'id': 61, 'name': 'Steam'}, 'deal': {'price': {'amount': 19.99, 'amountInt': 1999, 'currency': 'USD'}, 'regular': {'amount': 19.99, 'amountInt': 1999, 'currency': 'USD'}, 'cut': 0}}, {'timestamp': '2024-01-24T19:17:04+01:00', 'shop': {'id': 61, 'name': 'Steam'}, 'deal': {'price': {'amount': 5.99, 'amountInt': 599, 'currency': 'USD'}, 'regular': {'amount': 19.99, 'amountInt': 1999, 'currency': 'USD'}, 'cut': 70}}, {'timestamp': '2024-01-04T19:45:55+01:00', 'shop': {'id': 61, 'name': 'Steam'}, 'deal': {'price': {'amount': 19.99, 'amountInt': 1999, 'currency': 'USD'}, 'regular': {'amount': 19.99, 'amountInt': 1999, 'currency': 'USD'}, 'cut': 0}}, {'timestamp': '2023-12-21T19:09:41+01:00', 'shop': {'id': 61, 'name': 'Steam'}, 'deal': {'price': {'amount': 5.99, 'amountInt': 599, 'currency': 'USD'}, 'regular': {'amount': 19.99, 'amountInt': 1999, 'currency': 'USD'}, 'cut': 70}}, {'timestamp': '2023-11-28T19:33:22+01:00', 'shop': {'id': 61, 'name': 'Steam'}, 'deal': {'price': {'amount': 19.99, 'amountInt': 1999, 'currency': 'USD'}, 'regular': {'amount': 19.99, 'amountInt': 1999, 'currency': 'USD'}, 'cut': 0}}, {'timestamp': '2023-11-07T18:19:16+01:00', 'shop': {'id': 61, 'name': 'Steam'}, 'deal': {'price': {'amount': 19.99, 'amountInt': 1999, 'currency': 'USD'}, 'regular': {'amount': 19.99, 'amountInt': 1999, 'currency': 'USD'}, 'cut': 0}}, {'timestamp': '2023-10-25T19:06:20+02:00', 'shop': {'id': 61, 'name': 'Steam'}, 'deal': {'price': {'amount': 5.99, 'amountInt': 599, 'currency': 'USD'}, 'regular': {'amount': 19.99, 'amountInt': 1999, 'currency': 'USD'}, 'cut': 70}}, {'timestamp': '2023-08-07T19:18:42+02:00', 'shop': {'id': 61, 'name': 'Steam'}, 'deal': {'price': {'amount': 19.99, 'amountInt': 1999, 'currency': 'USD'}, 'regular': {'amount': 19.99, 'amountInt': 1999, 'currency': 'USD'}, 'cut': 0}}, {'timestamp': '2023-07-24T19:22:23+02:00', 'shop': {'id': 61, 'name': 'Steam'}, 'deal': {'price': {'amount': 5.99, 'amountInt': 599, 'currency': 'USD'}, 'regular': {'amount': 19.99, 'amountInt': 1999, 'currency': 'USD'}, 'cut': 70}}, {'timestamp': '2023-07-13T19:30:25+02:00', 'shop': {'id': 61, 'name': 'Steam'}, 'deal': {'price': {'amount': 19.99, 'amountInt': 1999, 'currency': 'USD'}, 'regular': {'amount': 19.99, 'amountInt': 1999, 'currency': 'USD'}, 'cut': 0}}, {'timestamp': '2023-06-29T19:58:00+02:00', 'shop': {'id': 61, 'name': 'Steam'}, 'deal': {'price': {'amount': 5.99, 'amountInt': 599, 'currency': 'USD'}, 'regular': {'amount': 19.99, 'amountInt': 1999, 'currency': 'USD'}, 'cut': 70}}, {'timestamp': '2023-06-20T19:06:14+02:00', 'shop': {'id': 61, 'name': 'Steam'}, 'deal': {'price': {'amount': 19.99, 'amountInt': 1999, 'currency': 'USD'}, 'regular': {'amount': 19.99, 'amountInt': 1999, 'currency': 'USD'}, 'cut': 0}}, {'timestamp': '2023-06-06T19:15:22+02:00', 'shop': {'id': 61, 'name': 'Steam'}, 'deal': {'price': {'amount': 5.99, 'amountInt': 599, 'currency': 'USD'}, 'regular': {'amount': 19.99, 'amountInt': 1999, 'currency': 'USD'}, 'cut': 70}}, {'timestamp': '2023-05-07T19:19:24+02:00', 'shop': {'id': 61, 'name': 'Steam'}, 'deal': {'price': {'amount': 19.99, 'amountInt': 1999, 'currency': 'USD'}, 'regular': {'amount': 19.99, 'amountInt': 1999, 'currency': 'USD'}, 'cut': 0}}, {'timestamp': '2023-04-24T19:22:20+02:00', 'shop': {'id': 61, 'name': 'Steam'}, 'deal': {'price': {'amount': 5.99, 'amountInt': 599, 'currency': 'USD'}, 'regular': {'amount': 19.99, 'amountInt': 1999, 'currency': 'USD'}, 'cut': 70}}, {'timestamp': '2023-03-23T19:03:26+01:00', 'shop': {'id': 61, 'name': 'Steam'}, 'deal': {'price': {'amount': 19.99, 'amountInt': 1999, 'currency': 'USD'}, 'regular': {'amount': 19.99, 'amountInt': 1999, 'currency': 'USD'}, 'cut': 0}}, {'timestamp': '2023-03-03T19:19:12+01:00', 'shop': {'id': 61, 'name': 'Steam'}, 'deal': {'price': {'amount': 5.99, 'amountInt': 599, 'currency': 'USD'}, 'regular': {'amount': 19.99, 'amountInt': 1999, 'currency': 'USD'}, 'cut': 70}}, {'timestamp': '2023-01-31T19:23:43+01:00', 'shop': {'id': 61, 'name': 'Steam'}, 'deal': {'price': {'amount': 19.99, 'amountInt': 1999, 'currency': 'USD'}, 'regular': {'amount': 19.99, 'amountInt': 1999, 'currency': 'USD'}, 'cut': 0}}, {'timestamp': '2023-01-19T19:20:49+01:00', 'shop': {'id': 61, 'name': 'Steam'}, 'deal': {'price': {'amount': 5.99, 'amountInt': 599, 'currency': 'USD'}, 'regular': {'amount': 19.99, 'amountInt': 1999, 'currency': 'USD'}, 'cut': 70}}, {'timestamp': '2023-01-05T22:34:04+01:00', 'shop': {'id': 61, 'name': 'Steam'}, 'deal': {'price': {'amount': 19.99, 'amountInt': 1999, 'currency': 'USD'}, 'regular': {'amount': 19.99, 'amountInt': 1999, 'currency': 'USD'}, 'cut': 0}}, {'timestamp': '2022-12-22T19:22:32+01:00', 'shop': {'id': 61, 'name': 'Steam'}, 'deal': {'price': {'amount': 5.99, 'amountInt': 599, 'currency': 'USD'}, 'regular': {'amount': 19.99, 'amountInt': 1999, 'currency': 'USD'}, 'cut': 70}}, {'timestamp': '2022-11-29T19:17:28+01:00', 'shop': {'id': 61, 'name': 'Steam'}, 'deal': {'price': {'amount': 19.99, 'amountInt': 1999, 'currency': 'USD'}, 'regular': {'amount': 19.99, 'amountInt': 1999, 'currency': 'USD'}, 'cut': 0}}, {'timestamp': '2022-11-10T19:08:22+01:00', 'shop': {'id': 61, 'name': 'Steam'}, 'deal': {'price': {'amount': 5.99, 'amountInt': 599, 'currency': 'USD'}, 'regular': {'amount': 19.99, 'amountInt': 1999, 'currency': 'USD'}, 'cut': 70}}, {'timestamp': '2022-09-28T19:19:29+02:00', 'shop': {'id': 61, 'name': 'Steam'}, 'deal': {'price': {'amount': 19.99, 'amountInt': 1999, 'currency': 'USD'}, 'regular': {'amount': 19.99, 'amountInt': 1999, 'currency': 'USD'}, 'cut': 0}}, {'timestamp': '2022-09-14T19:20:03+02:00', 'shop': {'id': 61, 'name': 'Steam'}, 'deal': {'price': {'amount': 5.99, 'amountInt': 599, 'currency': 'USD'}, 'regular': {'amount': 19.99, 'amountInt': 1999, 'currency': 'USD'}, 'cut': 70}}, {'timestamp': '2022-08-16T19:12:20+02:00', 'shop': {'id': 61, 'name': 'Steam'}, 'deal': {'price': {'amount': 19.99, 'amountInt': 1999, 'currency': 'USD'}, 'regular': {'amount': 19.99, 'amountInt': 1999, 'currency': 'USD'}, 'cut': 0}}, {'timestamp': '2022-08-05T19:09:17+02:00', 'shop': {'id': 61, 'name': 'Steam'}, 'deal': {'price': {'amount': 5.99, 'amountInt': 599, 'currency': 'USD'}, 'regular': {'amount': 19.99, 'amountInt': 1999, 'currency': 'USD'}, 'cut': 70}}, {'timestamp': '2022-07-07T20:09:52+02:00', 'shop': {'id': 61, 'name': 'Steam'}, 'deal': {'price': {'amount': 19.99, 'amountInt': 1999, 'currency': 'USD'}, 'regular': {'amount': 19.99, 'amountInt': 1999, 'currency': 'USD'}, 'cut': 0}}, {'timestamp': '2022-06-09T19:03:12+02:00', 'shop': {'id': 61, 'name': 'Steam'}, 'deal': {'price': {'amount': 5.99, 'amountInt': 599, 'currency': 'USD'}, 'regular': {'amount': 19.99, 'amountInt': 1999, 'currency': 'USD'}, 'cut': 70}}, {'timestamp': '2022-05-11T19:06:14+02:00', 'shop': {'id': 61, 'name': 'Steam'}, 'deal': {'price': {'amount': 19.99, 'amountInt': 1999, 'currency': 'USD'}, 'regular': {'amount': 19.99, 'amountInt': 1999, 'currency': 'USD'}, 'cut': 0}}, {'timestamp': '2022-04-27T19:13:09+02:00', 'shop': {'id': 61, 'name': 'Steam'}, 'deal': {'price': {'amount': 5.99, 'amountInt': 599, 'currency': 'USD'}, 'regular': {'amount': 19.99, 'amountInt': 1999, 'currency': 'USD'}, 'cut': 70}}, {'timestamp': '2022-02-03T19:23:43+01:00', 'shop': {'id': 61, 'name': 'Steam'}, 'deal': {'price': {'amount': 19.99, 'amountInt': 1999, 'currency': 'USD'}, 'regular': {'amount': 19.99, 'amountInt': 1999, 'currency': 'USD'}, 'cut': 0}}, {'timestamp': '2022-01-27T19:13:05+01:00', 'shop': {'id': 61, 'name': 'Steam'}, 'deal': {'price': {'amount': 5.99, 'amountInt': 599, 'currency': 'USD'}, 'regular': {'amount': 19.99, 'amountInt': 1999, 'currency': 'USD'}, 'cut': 70}}, {'timestamp': '2022-01-05T19:34:08+01:00', 'shop': {'id': 61, 'name': 'Steam'}, 'deal': {'price': {'amount': 19.99, 'amountInt': 1999, 'currency': 'USD'}, 'regular': {'amount': 19.99, 'amountInt': 1999, 'currency': 'USD'}, 'cut': 0}}, {'timestamp': '2021-12-22T23:11:50+01:00', 'shop': {'id': 61, 'name': 'Steam'}, 'deal': {'price': {'amount': 5.99, 'amountInt': 599, 'currency': 'USD'}, 'regular': {'amount': 19.99, 'amountInt': 1999, 'currency': 'USD'}, 'cut': 70}}, {'timestamp': '2021-12-01T20:20:46+01:00', 'shop': {'id': 61, 'name': 'Steam'}, 'deal': {'price': {'amount': 19.99, 'amountInt': 1999, 'currency': 'USD'}, 'regular': {'amount': 19.99, 'amountInt': 1999, 'currency': 'USD'}, 'cut': 0}}, {'timestamp': '2021-11-24T19:23:57+01:00', 'shop': {'id': 61, 'name': 'Steam'}, 'deal': {'price': {'amount': 5.99, 'amountInt': 599, 'currency': 'USD'}, 'regular': {'amount': 19.99, 'amountInt': 1999, 'currency': 'USD'}, 'cut': 70}}, {'timestamp': '2021-11-01T19:20:07+01:00', 'shop': {'id': 61, 'name': 'Steam'}, 'deal': {'price': {'amount': 19.99, 'amountInt': 1999, 'currency': 'USD'}, 'regular': {'amount': 19.99, 'amountInt': 1999, 'currency': 'USD'}, 'cut': 0}}, {'timestamp': '2021-10-28T19:16:54+02:00', 'shop': {'id': 61, 'name': 'Steam'}, 'deal': {'price': {'amount': 5.99, 'amountInt': 599, 'currency': 'USD'}, 'regular': {'amount': 19.99, 'amountInt': 1999, 'currency': 'USD'}, 'cut': 70}}, {'timestamp': '2021-07-08T19:25:02+02:00', 'shop': {'id': 61, 'name': 'Steam'}, 'deal': {'price': {'amount': 19.99, 'amountInt': 1999, 'currency': 'USD'}, 'regular': {'amount': 19.99, 'amountInt': 1999, 'currency': 'USD'}, 'cut': 0}}, {'timestamp': '2021-06-24T23:41:02+02:00', 'shop': {'id': 61, 'name': 'Steam'}, 'deal': {'price': {'amount': 5.99, 'amountInt': 599, 'currency': 'USD'}, 'regular': {'amount': 19.99, 'amountInt': 1999, 'currency': 'USD'}, 'cut': 70}}, {'timestamp': '2021-05-31T19:25:15+02:00', 'shop': {'id': 61, 'name': 'Steam'}, 'deal': {'price': {'amount': 19.99, 'amountInt': 1999, 'currency': 'USD'}, 'regular': {'amount': 19.99, 'amountInt': 1999, 'currency': 'USD'}, 'cut': 0}}, {'timestamp': '2021-05-27T19:25:29+02:00', 'shop': {'id': 61, 'name': 'Steam'}, 'deal': {'price': {'amount': 5.99, 'amountInt': 599, 'currency': 'USD'}, 'regular': {'amount': 19.99, 'amountInt': 1999, 'currency': 'USD'}, 'cut': 70}}, {'timestamp': '2021-05-06T19:21:13+02:00', 'shop': {'id': 61, 'name': 'Steam'}, 'deal': {'price': {'amount': 19.99, 'amountInt': 1999, 'currency': 'USD'}, 'regular': {'amount': 19.99, 'amountInt': 1999, 'currency': 'USD'}, 'cut': 0}}, {'timestamp': '2021-04-29T20:36:35+02:00', 'shop': {'id': 61, 'name': 'Steam'}, 'deal': {'price': {'amount': 5.99, 'amountInt': 599, 'currency': 'USD'}, 'regular': {'amount': 19.99, 'amountInt': 1999, 'currency': 'USD'}, 'cut': 70}}, {'timestamp': '2021-04-20T19:19:24+02:00', 'shop': {'id': 61, 'name': 'Steam'}, 'deal': {'price': {'amount': 19.99, 'amountInt': 1999, 'currency': 'USD'}, 'regular': {'amount': 19.99, 'amountInt': 1999, 'currency': 'USD'}, 'cut': 0}}, {'timestamp': '2021-04-13T19:18:28+02:00', 'shop': {'id': 61, 'name': 'Steam'}, 'deal': {'price': {'amount': 5.99, 'amountInt': 599, 'currency': 'USD'}, 'regular': {'amount': 19.99, 'amountInt': 1999, 'currency': 'USD'}, 'cut': 70}}, {'timestamp': '2021-03-27T11:25:06+01:00', 'shop': {'id': 61, 'name': 'Steam'}, 'deal': {'price': {'amount': 19.99, 'amountInt': 1999, 'currency': 'USD'}, 'regular': {'amount': 19.99, 'amountInt': 1999, 'currency': 'USD'}, 'cut': 0}}, {'timestamp': '2021-02-15T19:21:12+01:00', 'shop': {'id': 61, 'name': 'Steam'}, 'deal': {'price': {'amount': 19.99, 'amountInt': 1999, 'currency': 'USD'}, 'regular': {'amount': 19.99, 'amountInt': 1999, 'currency': 'USD'}, 'cut': 0}}, {'timestamp': '2021-02-11T20:00:04+01:00', 'shop': {'id': 61, 'name': 'Steam'}, 'deal': {'price': {'amount': 5.99, 'amountInt': 599, 'currency': 'USD'}, 'regular': {'amount': 19.99, 'amountInt': 1999, 'currency': 'USD'}, 'cut': 70}}, {'timestamp': '2021-01-05T19:55:08+01:00', 'shop': {'id': 61, 'name': 'Steam'}, 'deal': {'price': {'amount': 19.99, 'amountInt': 1999, 'currency': 'USD'}, 'regular': {'amount': 19.99, 'amountInt': 1999, 'currency': 'USD'}, 'cut': 0}}, {'timestamp': '2020-12-22T20:02:54+01:00', 'shop': {'id': 61, 'name': 'Steam'}, 'deal': {'price': {'amount': 5.99, 'amountInt': 599, 'currency': 'USD'}, 'regular': {'amount': 19.99, 'amountInt': 1999, 'currency': 'USD'}, 'cut': 70}}, {'timestamp': '2020-12-01T19:22:27+01:00', 'shop': {'id': 61, 'name': 'Steam'}, 'deal': {'price': {'amount': 19.99, 'amountInt': 1999, 'currency': 'USD'}, 'regular': {'amount': 19.99, 'amountInt': 1999, 'currency': 'USD'}, 'cut': 0}}, {'timestamp': '2020-11-25T19:23:50+01:00', 'shop': {'id': 61, 'name': 'Steam'}, 'deal': {'price': {'amount': 5.99, 'amountInt': 599, 'currency': 'USD'}, 'regular': {'amount': 19.99, 'amountInt': 1999, 'currency': 'USD'}, 'cut': 70}}, {'timestamp': '2020-11-02T19:25:50+01:00', 'shop': {'id': 61, 'name': 'Steam'}, 'deal': {'price': {'amount': 19.99, 'amountInt': 1999, 'currency': 'USD'}, 'regular': {'amount': 19.99, 'amountInt': 1999, 'currency': 'USD'}, 'cut': 0}}, {'timestamp': '2020-10-29T18:08:14+01:00', 'shop': {'id': 61, 'name': 'Steam'}, 'deal': {'price': {'amount': 5.99, 'amountInt': 599, 'currency': 'USD'}, 'regular': {'amount': 19.99, 'amountInt': 1999, 'currency': 'USD'}, 'cut': 70}}, {'timestamp': '2020-09-11T19:21:34+02:00', 'shop': {'id': 61, 'name': 'Steam'}, 'deal': {'price': {'amount': 19.99, 'amountInt': 1999, 'currency': 'USD'}, 'regular': {'amount': 19.99, 'amountInt': 1999, 'currency': 'USD'}, 'cut': 0}}, {'timestamp': '2020-09-08T19:21:18+02:00', 'shop': {'id': 61, 'name': 'Steam'}, 'deal': {'price': {'amount': 5.99, 'amountInt': 599, 'currency': 'USD'}, 'regular': {'amount': 19.99, 'amountInt': 1999, 'currency': 'USD'}, 'cut': 70}}, {'timestamp': '2020-07-09T19:29:29+02:00', 'shop': {'id': 61, 'name': 'Steam'}, 'deal': {'price': {'amount': 19.99, 'amountInt': 1999, 'currency': 'USD'}, 'regular': {'amount': 19.99, 'amountInt': 1999, 'currency': 'USD'}, 'cut': 0}}, {'timestamp': '2020-06-25T19:55:34+02:00', 'shop': {'id': 61, 'name': 'Steam'}, 'deal': {'price': {'amount': 5.99, 'amountInt': 599, 'currency': 'USD'}, 'regular': {'amount': 19.99, 'amountInt': 1999, 'currency': 'USD'}, 'cut': 70}}, {'timestamp': '2020-05-06T19:21:40+02:00', 'shop': {'id': 61, 'name': 'Steam'}, 'deal': {'price': {'amount': 19.99, 'amountInt': 1999, 'currency': 'USD'}, 'regular': {'amount': 19.99, 'amountInt': 1999, 'currency': 'USD'}, 'cut': 0}}, {'timestamp': '2020-04-30T19:23:17+02:00', 'shop': {'id': 61, 'name': 'Steam'}, 'deal': {'price': {'amount': 5.99, 'amountInt': 599, 'currency': 'USD'}, 'regular': {'amount': 19.99, 'amountInt': 1999, 'currency': 'USD'}, 'cut': 70}}, {'timestamp': '2020-02-17T19:21:41+01:00', 'shop': {'id': 61, 'name': 'Steam'}, 'deal': {'price': {'amount': 19.99, 'amountInt': 1999, 'currency': 'USD'}, 'regular': {'amount': 19.99, 'amountInt': 1999, 'currency': 'USD'}, 'cut': 0}}, {'timestamp': '2020-02-11T19:21:25+01:00', 'shop': {'id': 61, 'name': 'Steam'}, 'deal': {'price': {'amount': 5.99, 'amountInt': 599, 'currency': 'USD'}, 'regular': {'amount': 19.99, 'amountInt': 1999, 'currency': 'USD'}, 'cut': 70}}, {'timestamp': '2020-01-27T19:22:43+01:00', 'shop': {'id': 61, 'name': 'Steam'}, 'deal': {'price': {'amount': 19.99, 'amountInt': 1999, 'currency': 'USD'}, 'regular': {'amount': 19.99, 'amountInt': 1999, 'currency': 'USD'}, 'cut': 0}}, {'timestamp': '2020-01-23T19:26:30+01:00', 'shop': {'id': 61, 'name': 'Steam'}, 'deal': {'price': {'amount': 5.99, 'amountInt': 599, 'currency': 'USD'}, 'regular': {'amount': 19.99, 'amountInt': 1999, 'currency': 'USD'}, 'cut': 70}}, {'timestamp': '2020-01-02T19:35:42+01:00', 'shop': {'id': 61, 'name': 'Steam'}, 'deal': {'price': {'amount': 19.99, 'amountInt': 1999, 'currency': 'USD'}, 'regular': {'amount': 19.99, 'amountInt': 1999, 'currency': 'USD'}, 'cut': 0}}, {'timestamp': '2019-12-19T19:25:35+01:00', 'shop': {'id': 61, 'name': 'Steam'}, 'deal': {'price': {'amount': 5.99, 'amountInt': 599, 'currency': 'USD'}, 'regular': {'amount': 19.99, 'amountInt': 1999, 'currency': 'USD'}, 'cut': 70}}, {'timestamp': '2019-12-03T19:34:14+01:00', 'shop': {'id': 61, 'name': 'Steam'}, 'deal': {'price': {'amount': 19.99, 'amountInt': 1999, 'currency': 'USD'}, 'regular': {'amount': 19.99, 'amountInt': 1999, 'currency': 'USD'}, 'cut': 0}}, {'timestamp': '2019-11-26T19:12:45+01:00', 'shop': {'id': 61, 'name': 'Steam'}, 'deal': {'price': {'amount': 5.99, 'amountInt': 599, 'currency': 'USD'}, 'regular': {'amount': 19.99, 'amountInt': 1999, 'currency': 'USD'}, 'cut': 70}}, {'timestamp': '2019-11-01T18:23:10+01:00', 'shop': {'id': 61, 'name': 'Steam'}, 'deal': {'price': {'amount': 19.99, 'amountInt': 1999, 'currency': 'USD'}, 'regular': {'amount': 19.99, 'amountInt': 1999, 'currency': 'USD'}, 'cut': 0}}, {'timestamp': '2019-10-28T18:56:36+01:00', 'shop': {'id': 61, 'name': 'Steam'}, 'deal': {'price': {'amount': 5.99, 'amountInt': 599, 'currency': 'USD'}, 'regular': {'amount': 19.99, 'amountInt': 1999, 'currency': 'USD'}, 'cut': 70}}, {'timestamp': '2019-07-09T23:16:28+02:00', 'shop': {'id': 61, 'name': 'Steam'}, 'deal': {'price': {'amount': 19.99, 'amountInt': 1999, 'currency': 'USD'}, 'regular': {'amount': 19.99, 'amountInt': 1999, 'currency': 'USD'}, 'cut': 0}}, {'timestamp': '2019-06-25T21:19:49+02:00', 'shop': {'id': 61, 'name': 'Steam'}, 'deal': {'price': {'amount': 5.99, 'amountInt': 599, 'currency': 'USD'}, 'regular': {'amount': 19.99, 'amountInt': 1999, 'currency': 'USD'}, 'cut': 70}}, {'timestamp': '2019-05-06T20:36:37+02:00', 'shop': {'id': 61, 'name': 'Steam'}, 'deal': {'price': {'amount': 19.99, 'amountInt': 1999, 'currency': 'USD'}, 'regular': {'amount': 19.99, 'amountInt': 1999, 'currency': 'USD'}, 'cut': 0}}, {'timestamp': '2019-04-25T19:14:25+02:00', 'shop': {'id': 61, 'name': 'Steam'}, 'deal': {'price': {'amount': 5.99, 'amountInt': 599, 'currency': 'USD'}, 'regular': {'amount': 19.99, 'amountInt': 1999, 'currency': 'USD'}, 'cut': 70}}, {'timestamp': '2019-02-11T23:41:54+01:00', 'shop': {'id': 61, 'name': 'Steam'}, 'deal': {'price': {'amount': 19.99, 'amountInt': 1999, 'currency': 'USD'}, 'regular': {'amount': 19.99, 'amountInt': 1999, 'currency': 'USD'}, 'cut': 0}}, {'timestamp': '2019-02-04T22:01:30+01:00', 'shop': {'id': 61, 'name': 'Steam'}, 'deal': {'price': {'amount': 5.99, 'amountInt': 599, 'currency': 'USD'}, 'regular': {'amount': 19.99, 'amountInt': 1999, 'currency': 'USD'}, 'cut': 70}}, {'timestamp': '2019-01-03T21:45:53+01:00', 'shop': {'id': 61, 'name': 'Steam'}, 'deal': {'price': {'amount': 19.99, 'amountInt': 1999, 'currency': 'USD'}, 'regular': {'amount': 19.99, 'amountInt': 1999, 'currency': 'USD'}, 'cut': 0}}, {'timestamp': '2018-12-20T20:13:16+01:00', 'shop': {'id': 61, 'name': 'Steam'}, 'deal': {'price': {'amount': 5.99, 'amountInt': 599, 'currency': 'USD'}, 'regular': {'amount': 19.99, 'amountInt': 1999, 'currency': 'USD'}, 'cut': 70}}, {'timestamp': '2018-11-28T00:21:16+01:00', 'shop': {'id': 61, 'name': 'Steam'}, 'deal': {'price': {'amount': 19.99, 'amountInt': 1999, 'currency': 'USD'}, 'regular': {'amount': 19.99, 'amountInt': 1999, 'currency': 'USD'}, 'cut': 0}}, {'timestamp': '2018-11-21T20:25:45+01:00', 'shop': {'id': 61, 'name': 'Steam'}, 'deal': {'price': {'amount': 5.99, 'amountInt': 599, 'currency': 'USD'}, 'regular': {'amount': 19.99, 'amountInt': 1999, 'currency': 'USD'}, 'cut': 70}}, {'timestamp': '2018-11-01T22:14:12+01:00', 'shop': {'id': 61, 'name': 'Steam'}, 'deal': {'price': {'amount': 19.99, 'amountInt': 1999, 'currency': 'USD'}, 'regular': {'amount': 19.99, 'amountInt': 1999, 'currency': 'USD'}, 'cut': 0}}, {'timestamp': '2018-10-30T01:41:14+01:00', 'shop': {'id': 61, 'name': 'Steam'}, 'deal': {'price': {'amount': 5.99, 'amountInt': 599, 'currency': 'USD'}, 'regular': {'amount': 19.99, 'amountInt': 1999, 'currency': 'USD'}, 'cut': 70}}, {'timestamp': '2018-07-05T20:15:20+02:00', 'shop': {'id': 61, 'name': 'Steam'}, 'deal': {'price': {'amount': 19.99, 'amountInt': 1999, 'currency': 'USD'}, 'regular': {'amount': 19.99, 'amountInt': 1999, 'currency': 'USD'}, 'cut': 0}}, {'timestamp': '2018-06-21T22:52:07+02:00', 'shop': {'id': 61, 'name': 'Steam'}, 'deal': {'price': {'amount': 7.99, 'amountInt': 799, 'currency': 'USD'}, 'regular': {'amount': 19.99, 'amountInt': 1999, 'currency': 'USD'}, 'cut': 60}}, {'timestamp': '2018-01-04T20:45:42+01:00', 'shop': {'id': 61, 'name': 'Steam'}, 'deal': {'price': {'amount': 19.99, 'amountInt': 1999, 'currency': 'USD'}, 'regular': {'amount': 19.99, 'amountInt': 1999, 'currency': 'USD'}, 'cut': 0}}, {'timestamp': '2017-12-21T20:15:43+01:00', 'shop': {'id': 61, 'name': 'Steam'}, 'deal': {'price': {'amount': 7.99, 'amountInt': 799, 'currency': 'USD'}, 'regular': {'amount': 19.99, 'amountInt': 1999, 'currency': 'USD'}, 'cut': 60}}, {'timestamp': '2017-11-28T19:46:12+01:00', 'shop': {'id': 61, 'name': 'Steam'}, 'deal': {'price': {'amount': 19.99, 'amountInt': 1999, 'currency': 'USD'}, 'regular': {'amount': 19.99, 'amountInt': 1999, 'currency': 'USD'}, 'cut': 0}}, {'timestamp': '2017-11-22T20:15:47+01:00', 'shop': {'id': 61, 'name': 'Steam'}, 'deal': {'price': {'amount': 7.99, 'amountInt': 799, 'currency': 'USD'}, 'regular': {'amount': 19.99, 'amountInt': 1999, 'currency': 'USD'}, 'cut': 60}}, {'timestamp': '2017-11-01T19:16:12+01:00', 'shop': {'id': 61, 'name': 'Steam'}, 'deal': {'price': {'amount': 19.99, 'amountInt': 1999, 'currency': 'USD'}, 'regular': {'amount': 19.99, 'amountInt': 1999, 'currency': 'USD'}, 'cut': 0}}, {'timestamp': '2017-10-26T21:15:38+02:00', 'shop': {'id': 61, 'name': 'Steam'}, 'deal': {'price': {'amount': 7.99, 'amountInt': 799, 'currency': 'USD'}, 'regular': {'amount': 19.99, 'amountInt': 1999, 'currency': 'USD'}, 'cut': 60}}, {'timestamp': '2017-08-21T19:45:30+02:00', 'shop': {'id': 61, 'name': 'Steam'}, 'deal': {'price': {'amount': 19.99, 'amountInt': 1999, 'currency': 'USD'}, 'regular': {'amount': 19.99, 'amountInt': 1999, 'currency': 'USD'}, 'cut': 0}}, {'timestamp': '2017-08-17T19:45:28+02:00', 'shop': {'id': 61, 'name': 'Steam'}, 'deal': {'price': {'amount': 7.99, 'amountInt': 799, 'currency': 'USD'}, 'regular': {'amount': 19.99, 'amountInt': 1999, 'currency': 'USD'}, 'cut': 60}}, {'timestamp': '2017-07-05T19:15:41+02:00', 'shop': {'id': 61, 'name': 'Steam'}, 'deal': {'price': {'amount': 19.99, 'amountInt': 1999, 'currency': 'USD'}, 'regular': {'amount': 19.99, 'amountInt': 1999, 'currency': 'USD'}, 'cut': 0}}, {'timestamp': '2017-06-23T00:15:33+02:00', 'shop': {'id': 61, 'name': 'Steam'}, 'deal': {'price': {'amount': 9.99, 'amountInt': 999, 'currency': 'USD'}, 'regular': {'amount': 19.99, 'amountInt': 1999, 'currency': 'USD'}, 'cut': 50}}, {'timestamp': '2017-01-02T19:46:16+01:00', 'shop': {'id': 61, 'name': 'Steam'}, 'deal': {'price': {'amount': 19.99, 'amountInt': 1999, 'currency': 'USD'}, 'regular': {'amount': 19.99, 'amountInt': 1999, 'currency': 'USD'}, 'cut': 0}}, {'timestamp': '2016-12-22T20:15:44+01:00', 'shop': {'id': 61, 'name': 'Steam'}, 'deal': {'price': {'amount': 15.99, 'amountInt': 1599, 'currency': 'USD'}, 'regular': {'amount': 19.99, 'amountInt': 1999, 'currency': 'USD'}, 'cut': 20}}, {'timestamp': '2016-11-29T19:15:47+01:00', 'shop': {'id': 61, 'name': 'Steam'}, 'deal': {'price': {'amount': 19.99, 'amountInt': 1999, 'currency': 'USD'}, 'regular': {'amount': 19.99, 'amountInt': 1999, 'currency': 'USD'}, 'cut': 0}}, {'timestamp': '2016-11-23T19:16:34+01:00', 'shop': {'id': 61, 'name': 'Steam'}, 'deal': {'price': {'amount': 15.99, 'amountInt': 1599, 'currency': 'USD'}, 'regular': {'amount': 19.99, 'amountInt': 1999, 'currency': 'USD'}, 'cut': 20}}, {'timestamp': '2016-11-01T19:15:51+01:00', 'shop': {'id': 61, 'name': 'Steam'}, 'deal': {'price': {'amount': 19.99, 'amountInt': 1999, 'currency': 'USD'}, 'regular': {'amount': 19.99, 'amountInt': 1999, 'currency': 'USD'}, 'cut': 0}}, {'timestamp': '2016-10-28T19:45:35+02:00', 'shop': {'id': 61, 'name': 'Steam'}, 'deal': {'price': {'amount': 15.99, 'amountInt': 1599, 'currency': 'USD'}, 'regular': {'amount': 19.99, 'amountInt': 1999, 'currency': 'USD'}, 'cut': 20}}, {'timestamp': '2016-09-13T06:45:29+02:00', 'shop': {'id': 61, 'name': 'Steam'}, 'deal': {'price': {'amount': 19.99, 'amountInt': 1999, 'currency': 'USD'}, 'regular': {'amount': 19.99, 'amountInt': 1999, 'currency': 'USD'}, 'cut': 0}}]"
018d937e-ea2c-7124-b1bb-f9fd858528c9,"[{'timestamp': '2024-07-11T19:18:40+02:00', 'shop': {'id': 61, 'name': 'Steam'}, 'deal': {'price': {'amount': 15.99, 'amountInt': 1599, 'currency': 'USD'}, 'regular': {'amount': 15.99, 'amountInt': 1599, 'currency': 'USD'}, 'cut': 0}}, {'timestamp': '2024-06-27T19:17:09+02:00', 'shop': {'id': 61, 'name': 'Steam'}, 'deal': {'price': {'amount': 6.39, 'amountInt': 639, 'currency': 'USD'}, 'regular': {'amount': 15.99, 'amountInt': 1599, 'currency': 'USD'}, 'cut': 60}}, {'timestamp': '2024-03-21T18:18:27+01:00', 'shop': {'id': 61, 'name': 'Steam'}, 'deal': {'price': {'amount': 15.99, 'amountInt': 1599, 'currency': 'USD'}, 'regular': {'amount': 15.99, 'amountInt': 1599, 'currency': 'USD'}, 'cut': 0}}, {'timestamp': '2024-03-14T18:15:59+01:00', 'shop': {'id': 61, 'name': 'Steam'}, 'deal': {'price': {'amount': 4.79, 'amountInt': 479, 'currency': 'USD'}, 'regular': {'amount': 15.99, 'amountInt': 1599, 'currency': 'USD'}, 'cut': 70}}, {'timestamp': '2024-02-11T01:47:47+01:00', 'shop': {'id': 61, 'name': 'Steam'}, 'deal': {'price': {'amount': 15.99, 'amountInt': 1599, 'currency': 'USD'}, 'regular': {'amount': 15.99, 'amountInt': 1599, 'currency': 'USD'}, 'cut': 0}}, {'timestamp': '2024-01-04T19:19:05+01:00', 'shop': {'id': 61, 'name': 'Steam'}, 'deal': {'price': {'amount': 15.99, 'amountInt': 1599, 'currency': 'USD'}, 'regular': {'amount': 15.99, 'amountInt': 1599, 'currency': 'USD'}, 'cut': 0}}, {'timestamp': '2023-12-21T19:27:13+01:00', 'shop': {'id': 61, 'name': 'Steam'}, 'deal': {'price': {'amount': 7.99, 'amountInt': 799, 'currency': 'USD'}, 'regular': {'amount': 15.99, 'amountInt': 1599, 'currency': 'USD'}, 'cut': 50}}, {'timestamp': '2023-11-28T19:06:12+01:00', 'shop': {'id': 61, 'name': 'Steam'}, 'deal': {'price': {'amount': 15.99, 'amountInt': 1599, 'currency': 'USD'}, 'regular': {'amount': 15.99, 'amountInt': 1599, 'currency': 'USD'}, 'cut': 0}}, {'timestamp': '2023-11-22T00:08:53+01:00', 'shop': {'id': 61, 'name': 'Steam'}, 'deal': {'price': {'amount': 4.79, 'amountInt': 479, 'currency': 'USD'}, 'regular': {'amount': 15.99, 'amountInt': 1599, 'currency': 'USD'}, 'cut': 70}}, {'timestamp': '2023-10-16T19:24:15+02:00', 'shop': {'id': 61, 'name': 'Steam'}, 'deal': {'price': {'amount': 15.99, 'amountInt': 1599, 'currency': 'USD'}, 'regular': {'amount': 15.99, 'amountInt': 1599, 'currency': 'USD'}, 'cut': 0}}, {'timestamp': '2023-10-09T19:21:38+02:00', 'shop': {'id': 61, 'name': 'Steam'}, 'deal': {'price': {'amount': 7.99, 'amountInt': 799, 'currency': 'USD'}, 'regular': {'amount': 15.99, 'amountInt': 1599, 'currency': 'USD'}, 'cut': 50}}, {'timestamp': '2023-07-13T19:51:14+02:00', 'shop': {'id': 61, 'name': 'Steam'}, 'deal': {'price': {'amount': 15.99, 'amountInt': 1599, 'currency': 'USD'}, 'regular': {'amount': 15.99, 'amountInt': 1599, 'currency': 'USD'}, 'cut': 0}}, {'timestamp': '2023-06-29T19:39:44+02:00', 'shop': {'id': 61, 'name': 'Steam'}, 'deal': {'price': {'amount': 7.99, 'amountInt': 799, 'currency': 'USD'}, 'regular': {'amount': 15.99, 'amountInt': 1599, 'currency': 'USD'}, 'cut': 50}}, {'timestamp': '2023-04-17T19:40:31+02:00', 'shop': {'id': 61, 'name': 'Steam'}, 'deal': {'price': {'amount': 15.99, 'amountInt': 1599, 'currency': 'USD'}, 'regular': {'amount': 15.99, 'amountInt': 1599, 'currency': 'USD'}, 'cut': 0}}, {'timestamp': '2023-04-10T19:20:52+02:00', 'shop': {'id': 61, 'name': 'Steam'}, 'deal': {'price': {'amount': 4.79, 'amountInt': 479, 'currency': 'USD'}, 'regular': {'amount': 15.99, 'amountInt': 1599, 'currency': 'USD'}, 'cut': 70}}, {'timestamp': '2023-03-23T22:18:47+01:00', 'shop': {'id': 61, 'name': 'Steam'}, 'deal': {'price': {'amount': 15.99, 'amountInt': 1599, 'currency': 'USD'}, 'regular': {'amount': 15.99, 'amountInt': 1599, 'currency': 'USD'}, 'cut': 0}}, {'timestamp': '2023-03-16T20:52:38+01:00', 'shop': {'id': 61, 'name': 'Steam'}, 'deal': {'price': {'amount': 7.99, 'amountInt': 799, 'currency': 'USD'}, 'regular': {'amount': 15.99, 'amountInt': 1599, 'currency': 'USD'}, 'cut': 50}}, {'timestamp': '2023-02-20T19:24:07+01:00', 'shop': {'id': 61, 'name': 'Steam'}, 'deal': {'price': {'amount': 15.99, 'amountInt': 1599, 'currency': 'USD'}, 'regular': {'amount': 15.99, 'amountInt': 1599, 'currency': 'USD'}, 'cut': 0}}, {'timestamp': '2023-02-13T19:12:17+01:00', 'shop': {'id': 61, 'name': 'Steam'}, 'deal': {'price': {'amount': 4.79, 'amountInt': 479, 'currency': 'USD'}, 'regular': {'amount': 15.99, 'amountInt': 1599, 'currency': 'USD'}, 'cut': 70}}, {'timestamp': '2023-01-05T19:48:12+01:00', 'shop': {'id': 61, 'name': 'Steam'}, 'deal': {'price': {'amount': 15.99, 'amountInt': 1599, 'currency': 'USD'}, 'regular': {'amount': 15.99, 'amountInt': 1599, 'currency': 'USD'}, 'cut': 0}}, {'timestamp': '2022-12-22T19:57:44+01:00', 'shop': {'id': 61, 'name': 'Steam'}, 'deal': {'price': {'amount': 3.19, 'amountInt': 319, 'currency': 'USD'}, 'regular': {'amount': 15.99, 'amountInt': 1599, 'currency': 'USD'}, 'cut': 80}}, {'timestamp': '2022-11-29T19:21:20+01:00', 'shop': {'id': 61, 'name': 'Steam'}, 'deal': {'price': {'amount': 15.99, 'amountInt': 1599, 'currency': 'USD'}, 'regular': {'amount': 15.99, 'amountInt': 1599, 'currency': 'USD'}, 'cut': 0}}, {'timestamp': '2022-11-22T23:05:30+01:00', 'shop': {'id': 61, 'name': 'Steam'}, 'deal': {'price': {'amount': 4.79, 'amountInt': 479, 'currency': 'USD'}, 'regular': {'amount': 15.99, 'amountInt': 1599, 'currency': 'USD'}, 'cut': 70}}, {'timestamp': '2022-08-29T19:27:20+02:00', 'shop': {'id': 61, 'name': 'Steam'}, 'deal': {'price': {'amount': 15.99, 'amountInt': 1599, 'currency': 'USD'}, 'regular': {'amount': 15.99, 'amountInt': 1599, 'currency': 'USD'}, 'cut': 0}}, {'timestamp': '2022-08-22T19:03:12+02:00', 'shop': {'id': 61, 'name': 'Steam'}, 'deal': {'price': {'amount': 3.19, 'amountInt': 319, 'currency': 'USD'}, 'regular': {'amount': 15.99, 'amountInt': 1599, 'currency': 'USD'}, 'cut': 80}}, {'timestamp': '2022-07-07T19:42:14+02:00', 'shop': {'id': 61, 'name': 'Steam'}, 'deal': {'price': {'amount': 15.99, 'amountInt': 1599, 'currency': 'USD'}, 'regular': {'amount': 15.99, 'amountInt': 1599, 'currency': 'USD'}, 'cut': 0}}, {'timestamp': '2022-06-24T00:29:36+02:00', 'shop': {'id': 61, 'name': 'Steam'}, 'deal': {'price': {'amount': 3.19, 'amountInt': 319, 'currency': 'USD'}, 'regular': {'amount': 15.99, 'amountInt': 1599, 'currency': 'USD'}, 'cut': 80}}, {'timestamp': '2022-05-09T19:14:06+02:00', 'shop': {'id': 61, 'name': 'Steam'}, 'deal': {'price': {'amount': 15.99, 'amountInt': 1599, 'currency': 'USD'}, 'regular': {'amount': 15.99, 'amountInt': 1599, 'currency': 'USD'}, 'cut': 0}}, {'timestamp': '2022-05-02T19:18:08+02:00', 'shop': {'id': 61, 'name': 'Steam'}, 'deal': {'price': {'amount': 4.79, 'amountInt': 479, 'currency': 'USD'}, 'regular': {'amount': 15.99, 'amountInt': 1599, 'currency': 'USD'}, 'cut': 70}}, {'timestamp': '2022-02-03T19:33:10+01:00', 'shop': {'id': 61, 'name': 'Steam'}, 'deal': {'price': {'amount': 15.99, 'amountInt': 1599, 'currency': 'USD'}, 'regular': {'amount': 15.99, 'amountInt': 1599, 'currency': 'USD'}, 'cut': 0}}, {'timestamp': '2022-01-27T19:09:21+01:00', 'shop': {'id': 61, 'name': 'Steam'}, 'deal': {'price': {'amount': 4.79, 'amountInt': 479, 'currency': 'USD'}, 'regular': {'amount': 15.99, 'amountInt': 1599, 'currency': 'USD'}, 'cut': 70}}, {'timestamp': '2022-01-05T19:48:09+01:00', 'shop': {'id': 61, 'name': 'Steam'}, 'deal': {'price': {'amount': 15.99, 'amountInt': 1599, 'currency': 'USD'}, 'regular': {'amount': 15.99, 'amountInt': 1599, 'currency': 'USD'}, 'cut': 0}}, {'timestamp': '2021-12-22T19:12:40+01:00', 'shop': {'id': 61, 'name': 'Steam'}, 'deal': {'price': {'amount': 4.79, 'amountInt': 479, 'currency': 'USD'}, 'regular': {'amount': 15.99, 'amountInt': 1599, 'currency': 'USD'}, 'cut': 70}}, {'timestamp': '2021-12-01T21:44:44+01:00', 'shop': {'id': 61, 'name': 'Steam'}, 'deal': {'price': {'amount': 15.99, 'amountInt': 1599, 'currency': 'USD'}, 'regular': {'amount': 15.99, 'amountInt': 1599, 'currency': 'USD'}, 'cut': 0}}, {'timestamp': '2021-11-24T20:00:32+01:00', 'shop': {'id': 61, 'name': 'Steam'}, 'deal': {'price': {'amount': 4.79, 'amountInt': 479, 'currency': 'USD'}, 'regular': {'amount': 15.99, 'amountInt': 1599, 'currency': 'USD'}, 'cut': 70}}, {'timestamp': '2021-11-01T18:42:07+01:00', 'shop': {'id': 61, 'name': 'Steam'}, 'deal': {'price': {'amount': 15.99, 'amountInt': 1599, 'currency': 'USD'}, 'regular': {'amount': 15.99, 'amountInt': 1599, 'currency': 'USD'}, 'cut': 0}}, {'timestamp': '2021-10-28T19:09:09+02:00', 'shop': {'id': 61, 'name': 'Steam'}, 'deal': {'price': {'amount': 6.39, 'amountInt': 639, 'currency': 'USD'}, 'regular': {'amount': 15.99, 'amountInt': 1599, 'currency': 'USD'}, 'cut': 60}}, {'timestamp': '2021-08-30T19:21:47+02:00', 'shop': {'id': 61, 'name': 'Steam'}, 'deal': {'price': {'amount': 15.99, 'amountInt': 1599, 'currency': 'USD'}, 'regular': {'amount': 15.99, 'amountInt': 1599, 'currency': 'USD'}, 'cut': 0}}, {'timestamp': '2021-08-23T19:19:07+02:00', 'shop': {'id': 61, 'name': 'Steam'}, 'deal': {'price': {'amount': 3.19, 'amountInt': 319, 'currency': 'USD'}, 'regular': {'amount': 15.99, 'amountInt': 1599, 'currency': 'USD'}, 'cut': 80}}, {'timestamp': '2021-07-08T19:27:10+02:00', 'shop': {'id': 61, 'name': 'Steam'}, 'deal': {'price': {'amount': 15.99, 'amountInt': 1599, 'currency': 'USD'}, 'regular': {'amount': 15.99, 'amountInt': 1599, 'currency': 'USD'}, 'cut': 0}}, {'timestamp': '2021-06-24T23:39:10+02:00', 'shop': {'id': 61, 'name': 'Steam'}, 'deal': {'price': {'amount': 7.99, 'amountInt': 799, 'currency': 'USD'}, 'regular': {'amount': 15.99, 'amountInt': 1599, 'currency': 'USD'}, 'cut': 50}}, {'timestamp': '2021-05-31T19:22:10+02:00', 'shop': {'id': 61, 'name': 'Steam'}, 'deal': {'price': {'amount': 15.99, 'amountInt': 1599, 'currency': 'USD'}, 'regular': {'amount': 15.99, 'amountInt': 1599, 'currency': 'USD'}, 'cut': 0}}, {'timestamp': '2021-05-27T19:29:50+02:00', 'shop': {'id': 61, 'name': 'Steam'}, 'deal': {'price': {'amount': 4.79, 'amountInt': 479, 'currency': 'USD'}, 'regular': {'amount': 15.99, 'amountInt': 1599, 'currency': 'USD'}, 'cut': 70}}, {'timestamp': '2021-05-10T19:20:41+02:00', 'shop': {'id': 61, 'name': 'Steam'}, 'deal': {'price': {'amount': 15.99, 'amountInt': 1599, 'currency': 'USD'}, 'regular': {'amount': 15.99, 'amountInt': 1599, 'currency': 'USD'}, 'cut': 0}}, {'timestamp': '2021-05-03T19:24:11+02:00', 'shop': {'id': 61, 'name': 'Steam'}, 'deal': {'price': {'amount': 4.79, 'amountInt': 479, 'currency': 'USD'}, 'regular': {'amount': 15.99, 'amountInt': 1599, 'currency': 'USD'}, 'cut': 70}}, {'timestamp': '2021-03-27T10:45:18+01:00', 'shop': {'id': 61, 'name': 'Steam'}, 'deal': {'price': {'amount': 15.99, 'amountInt': 1599, 'currency': 'USD'}, 'regular': {'amount': 15.99, 'amountInt': 1599, 'currency': 'USD'}, 'cut': 0}}, {'timestamp': '2021-03-19T18:21:12+01:00', 'shop': {'id': 61, 'name': 'Steam'}, 'deal': {'price': {'amount': 15.99, 'amountInt': 1599, 'currency': 'USD'}, 'regular': {'amount': 15.99, 'amountInt': 1599, 'currency': 'USD'}, 'cut': 0}}, {'timestamp': '2021-03-16T18:21:40+01:00', 'shop': {'id': 61, 'name': 'Steam'}, 'deal': {'price': {'amount': 4.79, 'amountInt': 479, 'currency': 'USD'}, 'regular': {'amount': 15.99, 'amountInt': 1599, 'currency': 'USD'}, 'cut': 70}}, {'timestamp': '2021-02-15T19:23:44+01:00', 'shop': {'id': 61, 'name': 'Steam'}, 'deal': {'price': {'amount': 15.99, 'amountInt': 1599, 'currency': 'USD'}, 'regular': {'amount': 15.99, 'amountInt': 1599, 'currency': 'USD'}, 'cut': 0}}, {'timestamp': '2021-02-11T19:58:15+01:00', 'shop': {'id': 61, 'name': 'Steam'}, 'deal': {'price': {'amount': 4.79, 'amountInt': 479, 'currency': 'USD'}, 'regular': {'amount': 15.99, 'amountInt': 1599, 'currency': 'USD'}, 'cut': 70}}, {'timestamp': '2021-01-05T19:56:13+01:00', 'shop': {'id': 61, 'name': 'Steam'}, 'deal': {'price': {'amount': 15.99, 'amountInt': 1599, 'currency': 'USD'}, 'regular': {'amount': 15.99, 'amountInt': 1599, 'currency': 'USD'}, 'cut': 0}}, {'timestamp': '2020-12-22T19:59:16+01:00', 'shop': {'id': 61, 'name': 'Steam'}, 'deal': {'price': {'amount': 6.39, 'amountInt': 639, 'currency': 'USD'}, 'regular': {'amount': 15.99, 'amountInt': 1599, 'currency': 'USD'}, 'cut': 60}}, {'timestamp': '2020-12-01T19:21:53+01:00', 'shop': {'id': 61, 'name': 'Steam'}, 'deal': {'price': {'amount': 15.99, 'amountInt': 1599, 'currency': 'USD'}, 'regular': {'amount': 15.99, 'amountInt': 1599, 'currency': 'USD'}, 'cut': 0}}, {'timestamp': '2020-11-25T19:26:00+01:00', 'shop': {'id': 61, 'name': 'Steam'}, 'deal': {'price': {'amount': 3.19, 'amountInt': 319, 'currency': 'USD'}, 'regular': {'amount': 15.99, 'amountInt': 1599, 'currency': 'USD'}, 'cut': 80}}, {'timestamp': '2020-11-09T19:21:35+01:00', 'shop': {'id': 61, 'name': 'Steam'}, 'deal': {'price': {'amount': 15.99, 'amountInt': 1599, 'currency': 'USD'}, 'regular': {'amount': 15.99, 'amountInt': 1599, 'currency': 'USD'}, 'cut': 0}}, {'timestamp': '2020-11-07T10:21:14+01:00', 'shop': {'id': 61, 'name': 'Steam'}, 'deal': {'price': {'amount': 9.59, 'amountInt': 959, 'currency': 'USD'}, 'regular': {'amount': 15.99, 'amountInt': 1599, 'currency': 'USD'}, 'cut': 40}}, {'timestamp': '2020-11-02T19:26:50+01:00', 'shop': {'id': 61, 'name': 'Steam'}, 'deal': {'price': {'amount': 15.99, 'amountInt': 1599, 'currency': 'USD'}, 'regular': {'amount': 15.99, 'amountInt': 1599, 'currency': 'USD'}, 'cut': 0}}, {'timestamp': '2020-10-29T18:07:35+01:00', 'shop': {'id': 61, 'name': 'Steam'}, 'deal': {'price': {'amount': 9.59, 'amountInt': 959, 'currency': 'USD'}, 'regular': {'amount': 15.99, 'amountInt': 1599, 'currency': 'USD'}, 'cut': 40}}, {'timestamp': '2020-08-31T19:22:37+02:00', 'shop': {'id': 61, 'name': 'Steam'}, 'deal': {'price': {'amount': 15.99, 'amountInt': 1599, 'currency': 'USD'}, 'regular': {'amount': 15.99, 'amountInt': 1599, 'currency': 'USD'}, 'cut': 0}}, {'timestamp': '2020-08-27T19:21:43+02:00', 'shop': {'id': 61, 'name': 'Steam'}, 'deal': {'price': {'amount': 4.79, 'amountInt': 479, 'currency': 'USD'}, 'regular': {'amount': 15.99, 'amountInt': 1599, 'currency': 'USD'}, 'cut': 70}}, {'timestamp': '2020-07-09T19:23:03+02:00', 'shop': {'id': 61, 'name': 'Steam'}, 'deal': {'price': {'amount': 15.99, 'amountInt': 1599, 'currency': 'USD'}, 'regular': {'amount': 15.99, 'amountInt': 1599, 'currency': 'USD'}, 'cut': 0}}, {'timestamp': '2020-06-25T19:08:03+02:00', 'shop': {'id': 61, 'name': 'Steam'}, 'deal': {'price': {'amount': 4.79, 'amountInt': 479, 'currency': 'USD'}, 'regular': {'amount': 15.99, 'amountInt': 1599, 'currency': 'USD'}, 'cut': 70}}, {'timestamp': '2020-04-06T19:21:33+02:00', 'shop': {'id': 61, 'name': 'Steam'}, 'deal': {'price': {'amount': 15.99, 'amountInt': 1599, 'currency': 'USD'}, 'regular': {'amount': 15.99, 'amountInt': 1599, 'currency': 'USD'}, 'cut': 0}}, {'timestamp': '2020-03-31T19:21:19+02:00', 'shop': {'id': 61, 'name': 'Steam'}, 'deal': {'price': {'amount': 7.99, 'amountInt': 799, 'currency': 'USD'}, 'regular': {'amount': 15.99, 'amountInt': 1599, 'currency': 'USD'}, 'cut': 50}}, {'timestamp': '2020-01-27T19:28:58+01:00', 'shop': {'id': 61, 'name': 'Steam'}, 'deal': {'price': {'amount': 15.99, 'amountInt': 1599, 'currency': 'USD'}, 'regular': {'amount': 15.99, 'amountInt': 1599, 'currency': 'USD'}, 'cut': 0}}, {'timestamp': '2020-01-23T19:22:56+01:00', 'shop': {'id': 61, 'name': 'Steam'}, 'deal': {'price': {'amount': 7.99, 'amountInt': 799, 'currency': 'USD'}, 'regular': {'amount': 15.99, 'amountInt': 1599, 'currency': 'USD'}, 'cut': 50}}, {'timestamp': '2020-01-02T19:24:07+01:00', 'shop': {'id': 61, 'name': 'Steam'}, 'deal': {'price': {'amount': 15.99, 'amountInt': 1599, 'currency': 'USD'}, 'regular': {'amount': 15.99, 'amountInt': 1599, 'currency': 'USD'}, 'cut': 0}}, {'timestamp': '2019-12-19T19:07:55+01:00', 'shop': {'id': 61, 'name': 'Steam'}, 'deal': {'price': {'amount': 6.39, 'amountInt': 639, 'currency': 'USD'}, 'regular': {'amount': 15.99, 'amountInt': 1599, 'currency': 'USD'}, 'cut': 60}}, {'timestamp': '2019-12-03T19:22:19+01:00', 'shop': {'id': 61, 'name': 'Steam'}, 'deal': {'price': {'amount': 15.99, 'amountInt': 1599, 'currency': 'USD'}, 'regular': {'amount': 15.99, 'amountInt': 1599, 'currency': 'USD'}, 'cut': 0}}, {'timestamp': '2019-11-26T19:12:36+01:00', 'shop': {'id': 61, 'name': 'Steam'}, 'deal': {'price': {'amount': 11.19, 'amountInt': 1119, 'currency': 'USD'}, 'regular': {'amount': 15.99, 'amountInt': 1599, 'currency': 'USD'}, 'cut': 30}}, {'timestamp': '2019-11-12T17:21:15+01:00', 'shop': {'id': 61, 'name': 'Steam'}, 'deal': {'price': {'amount': 15.99, 'amountInt': 1599, 'currency': 'USD'}, 'regular': {'amount': 15.99, 'amountInt': 1599, 'currency': 'USD'}, 'cut': 0}}, {'timestamp': '2019-11-10T17:22:09+01:00', 'shop': {'id': 61, 'name': 'Steam'}, 'deal': {'price': {'amount': 12.47, 'amountInt': 1247, 'currency': 'USD'}, 'regular': {'amount': 15.99, 'amountInt': 1599, 'currency': 'USD'}, 'cut': 22}}, {'timestamp': '2019-11-01T18:25:42+01:00', 'shop': {'id': 61, 'name': 'Steam'}, 'deal': {'price': {'amount': 15.99, 'amountInt': 1599, 'currency': 'USD'}, 'regular': {'amount': 15.99, 'amountInt': 1599, 'currency': 'USD'}, 'cut': 0}}, {'timestamp': '2019-10-31T16:35:12+01:00', 'shop': {'id': 61, 'name': 'Steam'}, 'deal': {'price': {'amount': 7.99, 'amountInt': 799, 'currency': 'USD'}, 'regular': {'amount': 15.99, 'amountInt': 1599, 'currency': 'USD'}, 'cut': 50}}, {'timestamp': '2019-07-22T19:39:24+02:00', 'shop': {'id': 61, 'name': 'Steam'}, 'deal': {'price': {'amount': 15.99, 'amountInt': 1599, 'currency': 'USD'}, 'regular': {'amount': 15.99, 'amountInt': 1599, 'currency': 'USD'}, 'cut': 0}}, {'timestamp': '2019-07-18T19:04:50+02:00', 'shop': {'id': 61, 'name': 'Steam'}, 'deal': {'price': {'amount': 7.99, 'amountInt': 799, 'currency': 'USD'}, 'regular': {'amount': 15.99, 'amountInt': 1599, 'currency': 'USD'}, 'cut': 50}}, {'timestamp': '2019-07-09T22:17:24+02:00', 'shop': {'id': 61, 'name': 'Steam'}, 'deal': {'price': {'amount': 15.99, 'amountInt': 1599, 'currency': 'USD'}, 'regular': {'amount': 15.99, 'amountInt': 1599, 'currency': 'USD'}, 'cut': 0}}, {'timestamp': '2019-06-26T03:52:39+02:00', 'shop': {'id': 61, 'name': 'Steam'}, 'deal': {'price': {'amount': 9.59, 'amountInt': 959, 'currency': 'USD'}, 'regular': {'amount': 15.99, 'amountInt': 1599, 'currency': 'USD'}, 'cut': 40}}, {'timestamp': '2019-03-08T19:13:47+01:00', 'shop': {'id': 61, 'name': 'Steam'}, 'deal': {'price': {'amount': 15.99, 'amountInt': 1599, 'currency': 'USD'}, 'regular': {'amount': 15.99, 'amountInt': 1599, 'currency': 'USD'}, 'cut': 0}}, {'timestamp': '2019-03-05T19:32:28+01:00', 'shop': {'id': 61, 'name': 'Steam'}, 'deal': {'price': {'amount': 5.43, 'amountInt': 543, 'currency': 'USD'}, 'regular': {'amount': 15.99, 'amountInt': 1599, 'currency': 'USD'}, 'cut': 66}}, {'timestamp': '2019-02-11T19:43:04+01:00', 'shop': {'id': 61, 'name': 'Steam'}, 'deal': {'price': {'amount': 15.99, 'amountInt': 1599, 'currency': 'USD'}, 'regular': {'amount': 15.99, 'amountInt': 1599, 'currency': 'USD'}, 'cut': 0}}, {'timestamp': '2019-02-04T21:25:06+01:00', 'shop': {'id': 61, 'name': 'Steam'}, 'deal': {'price': {'amount': 5.43, 'amountInt': 543, 'currency': 'USD'}, 'regular': {'amount': 15.99, 'amountInt': 1599, 'currency': 'USD'}, 'cut': 66}}, {'timestamp': '2019-01-03T23:34:19+01:00', 'shop': {'id': 61, 'name': 'Steam'}, 'deal': {'price': {'amount': 15.99, 'amountInt': 1599, 'currency': 'USD'}, 'regular': {'amount': 15.99, 'amountInt': 1599, 'currency': 'USD'}, 'cut': 0}}, {'timestamp': '2018-12-20T20:44:01+01:00', 'shop': {'id': 61, 'name': 'Steam'}, 'deal': {'price': {'amount': 7.99, 'amountInt': 799, 'currency': 'USD'}, 'regular': {'amount': 15.99, 'amountInt': 1599, 'currency': 'USD'}, 'cut': 50}}, {'timestamp': '2018-11-27T20:56:25+01:00', 'shop': {'id': 61, 'name': 'Steam'}, 'deal': {'price': {'amount': 15.99, 'amountInt': 1599, 'currency': 'USD'}, 'regular': {'amount': 15.99, 'amountInt': 1599, 'currency': 'USD'}, 'cut': 0}}, {'timestamp': '2018-11-22T01:33:31+01:00', 'shop': {'id': 61, 'name': 'Steam'}, 'deal': {'price': {'amount': 7.99, 'amountInt': 799, 'currency': 'USD'}, 'regular': {'amount': 15.99, 'amountInt': 1599, 'currency': 'USD'}, 'cut': 50}}, {'timestamp': '2018-11-01T19:05:37+01:00', 'shop': {'id': 61, 'name': 'Steam'}, 'deal': {'price': {'amount': 15.99, 'amountInt': 1599, 'currency': 'USD'}, 'regular': {'amount': 15.99, 'amountInt': 1599, 'currency': 'USD'}, 'cut': 0}}, {'timestamp': '2018-10-29T18:46:22+01:00', 'shop': {'id': 61, 'name': 'Steam'}, 'deal': {'price': {'amount': 3.99, 'amountInt': 399, 'currency': 'USD'}, 'regular': {'amount': 15.99, 'amountInt': 1599, 'currency': 'USD'}, 'cut': 75}}, {'timestamp': '2018-07-05T19:36:39+02:00', 'shop': {'id': 61, 'name': 'Steam'}, 'deal': {'price': {'amount': 15.99, 'amountInt': 1599, 'currency': 'USD'}, 'regular': {'amount': 15.99, 'amountInt': 1599, 'currency': 'USD'}, 'cut': 0}}, {'timestamp': '2018-06-21T23:28:43+02:00', 'shop': {'id': 61, 'name': 'Steam'}, 'deal': {'price': {'amount': 5.43, 'amountInt': 543, 'currency': 'USD'}, 'regular': {'amount': 15.99, 'amountInt': 1599, 'currency': 'USD'}, 'cut': 66}}, {'timestamp': '2018-04-29T22:49:53+02:00', 'shop': {'id': 61, 'name': 'Steam'}, 'deal': {'price': {'amount': 15.99, 'amountInt': 1599, 'currency': 'USD'}, 'regular': {'amount': 15.99, 'amountInt': 1599, 'currency': 'USD'}, 'cut': 0}}, {'timestamp': '2018-04-19T23:51:15+02:00', 'shop': {'id': 61, 'name': 'Steam'}, 'deal': {'price': {'amount': 7.99, 'amountInt': 799, 'currency': 'USD'}, 'regular': {'amount': 15.99, 'amountInt': 1599, 'currency': 'USD'}, 'cut': 50}}, {'timestamp': '2018-02-19T22:49:08+01:00', 'shop': {'id': 61, 'name': 'Steam'}, 'deal': {'price': {'amount': 15.99, 'amountInt': 1599, 'currency': 'USD'}, 'regular': {'amount': 15.99, 'amountInt': 1599, 'currency': 'USD'}, 'cut': 0}}, {'timestamp': '2018-02-15T21:18:41+01:00', 'shop': {'id': 61, 'name': 'Steam'}, 'deal': {'price': {'amount': 11.19, 'amountInt': 1119, 'currency': 'USD'}, 'regular': {'amount': 15.99, 'amountInt': 1599, 'currency': 'USD'}, 'cut': 30}}, {'timestamp': '2018-01-04T19:46:19+01:00', 'shop': {'id': 61, 'name': 'Steam'}, 'deal': {'price': {'amount': 15.99, 'amountInt': 1599, 'currency': 'USD'}, 'regular': {'amount': 15.99, 'amountInt': 1599, 'currency': 'USD'}, 'cut': 0}}, {'timestamp': '2017-12-21T22:15:32+01:00', 'shop': {'id': 61, 'name': 'Steam'}, 'deal': {'price': {'amount': 11.19, 'amountInt': 1119, 'currency': 'USD'}, 'regular': {'amount': 15.99, 'amountInt': 1599, 'currency': 'USD'}, 'cut': 30}}, {'timestamp': '2017-12-12T00:15:46+01:00', 'shop': {'id': 61, 'name': 'Steam'}, 'deal': {'price': {'amount': 15.99, 'amountInt': 1599, 'currency': 'USD'}, 'regular': {'amount': 15.99, 'amountInt': 1599, 'currency': 'USD'}, 'cut': 0}}, {'timestamp': '2017-12-07T20:15:42+01:00', 'shop': {'id': 61, 'name': 'Steam'}, 'deal': {'price': {'amount': 4.79, 'amountInt': 479, 'currency': 'USD'}, 'regular': {'amount': 15.99, 'amountInt': 1599, 'currency': 'USD'}, 'cut': 70}}, {'timestamp': '2017-11-29T00:15:53+01:00', 'shop': {'id': 61, 'name': 'Steam'}, 'deal': {'price': {'amount': 15.99, 'amountInt': 1599, 'currency': 'USD'}, 'regular': {'amount': 15.99, 'amountInt': 1599, 'currency': 'USD'}, 'cut': 0}}, {'timestamp': '2017-11-22T21:15:36+01:00', 'shop': {'id': 61, 'name': 'Steam'}, 'deal': {'price': {'amount': 4.79, 'amountInt': 479, 'currency': 'USD'}, 'regular': {'amount': 15.99, 'amountInt': 1599, 'currency': 'USD'}, 'cut': 70}}, {'timestamp': '2017-11-01T19:45:36+01:00', 'shop': {'id': 61, 'name': 'Steam'}, 'deal': {'price': {'amount': 15.99, 'amountInt': 1599, 'currency': 'USD'}, 'regular': {'amount': 15.99, 'amountInt': 1599, 'currency': 'USD'}, 'cut': 0}}, {'timestamp': '2017-10-27T00:15:31+02:00', 'shop': {'id': 61, 'name': 'Steam'}, 'deal': {'price': {'amount': 6.39, 'amountInt': 639, 'currency': 'USD'}, 'regular': {'amount': 15.99, 'amountInt': 1599, 'currency': 'USD'}, 'cut': 60}}, {'timestamp': '2017-07-05T22:15:48+02:00', 'shop': {'id': 61, 'name': 'Steam'}, 'deal': {'price': {'amount': 15.99, 'amountInt': 1599, 'currency': 'USD'}, 'regular': {'amount': 15.99, 'amountInt': 1599, 'currency': 'USD'}, 'cut': 0}}, {'timestamp': '2017-06-23T00:45:35+02:00', 'shop': {'id': 61, 'name': 'Steam'}, 'deal': {'price': {'amount': 7.99, 'amountInt': 799, 'currency': 'USD'}, 'regular': {'amount': 15.99, 'amountInt': 1599, 'currency': 'USD'}, 'cut': 50}}, {'timestamp': '2017-01-02T21:15:59+01:00', 'shop': {'id': 61, 'name': 'Steam'}, 'deal': {'price': {'amount': 15.99, 'amountInt': 1599, 'currency': 'USD'}, 'regular': {'amount': 15.99, 'amountInt': 1599, 'currency': 'USD'}, 'cut': 0}}, {'timestamp': '2016-12-22T23:45:31+01:00', 'shop': {'id': 61, 'name': 'Steam'}, 'deal': {'price': {'amount': 7.99, 'amountInt': 799, 'currency': 'USD'}, 'regular': {'amount': 15.99, 'amountInt': 1599, 'currency': 'USD'}, 'cut': 50}}, {'timestamp': '2016-11-29T19:46:04+01:00', 'shop': {'id': 61, 'name': 'Steam'}, 'deal': {'price': {'amount': 15.99, 'amountInt': 1599, 'currency': 'USD'}, 'regular': {'amount': 15.99, 'amountInt': 1599, 'currency': 'USD'}, 'cut': 0}}, {'timestamp': '2016-11-23T22:15:53+01:00', 'shop': {'id': 61, 'name': 'Steam'}, 'deal': {'price': {'amount': 7.99, 'amountInt': 799, 'currency': 'USD'}, 'regular': {'amount': 15.99, 'amountInt': 1599, 'currency': 'USD'}, 'cut': 50}}, {'timestamp': '2016-07-04T18:25:26+02:00', 'shop': {'id': 61, 'name': 'Steam'}, 'deal': {'price': {'amount': 15.99, 'amountInt': 1599, 'currency': 'USD'}, 'regular': {'amount': 15.99, 'amountInt': 1599, 'currency': 'USD'}, 'cut': 0}}, {'timestamp': '2016-06-23T20:35:38+02:00', 'shop': {'id': 61, 'name': 'Steam'}, 'deal': {'price': {'amount': 7.99, 'amountInt': 799, 'currency': 'USD'}, 'regular': {'amount': 15.99, 'amountInt': 1599, 'currency': 'USD'}, 'cut': 50}}, {'timestamp': '2016-02-27T19:10:34+01:00', 'shop': {'id': 61, 'name': 'Steam'}, 'deal': {'price': {'amount': 15.99, 'amountInt': 1599, 'currency': 'USD'}, 'regular': {'amount': 15.99, 'amountInt': 1599, 'currency': 'USD'}, 'cut': 0}}, {'timestamp': '2016-02-25T17:49:29+01:00', 'shop': {'id': 61, 'name': 'Steam'}, 'deal': {'price': {'amount': 7.99, 'amountInt': 799, 'currency': 'USD'}, 'regular': {'amount': 15.99, 'amountInt': 1599, 'currency': 'USD'}, 'cut': 50}}, {'timestamp': '2016-02-12T19:28:17+01:00', 'shop': {'id': 61, 'name': 'Steam'}, 'deal': {'price': {'amount': 15.99, 'amountInt': 1599, 'currency': 'USD'}, 'regular': {'amount': 15.99, 'amountInt': 1599, 'currency': 'USD'}, 'cut': 0}}, {'timestamp': '2016-02-05T19:27:04+01:00', 'shop': {'id': 61, 'name': 'Steam'}, 'deal': {'price': {'amount': 7.19, 'amountInt': 719, 'currency': 'USD'}, 'regular': {'amount': 15.99, 'amountInt': 1599, 'currency': 'USD'}, 'cut': 55}}, {'timestamp': '2016-01-04T19:10:11+01:00', 'shop': {'id': 61, 'name': 'Steam'}, 'deal': {'price': {'amount': 15.99, 'amountInt': 1599, 'currency': 'USD'}, 'regular': {'amount': 15.99, 'amountInt': 1599, 'currency': 'USD'}, 'cut': 0}}, {'timestamp': '2015-12-22T20:35:38+01:00', 'shop': {'id': 61, 'name': 'Steam'}, 'deal': {'price': {'amount': 7.99, 'amountInt': 799, 'currency': 'USD'}, 'regular': {'amount': 15.99, 'amountInt': 1599, 'currency': 'USD'}, 'cut': 50}}, {'timestamp': '2015-12-01T19:23:56+01:00', 'shop': {'id': 61, 'name': 'Steam'}, 'deal': {'price': {'amount': 15.99, 'amountInt': 1599, 'currency': 'USD'}, 'regular': {'amount': 15.99, 'amountInt': 1599, 'currency': 'USD'}, 'cut': 0}}, {'timestamp': '2015-11-25T20:15:10+01:00', 'shop': {'id': 61, 'name': 'Steam'}, 'deal': {'price': {'amount': 7.19, 'amountInt': 719, 'currency': 'USD'}, 'regular': {'amount': 15.99, 'amountInt': 1599, 'currency': 'USD'}, 'cut': 55}}, {'timestamp': '2015-06-23T06:11:52+02:00', 'shop': {'id': 61, 'name': 'Steam'}, 'deal': {'price': {'amount': 15.99, 'amountInt': 1599, 'currency': 'USD'}, 'regular': {'amount': 15.99, 'amountInt': 1599, 'currency': 'USD'}, 'cut': 0}}, {'timestamp': '2015-06-22T19:21:18+02:00', 'shop': {'id': 61, 'name': 'Steam'}, 'deal': {'price': {'amount': 19.99, 'amountInt': 1999, 'currency': 'USD'}, 'regular': {'amount': 19.99, 'amountInt': 1999, 'currency': 'USD'}, 'cut': 0}}, {'timestamp': '2015-06-11T20:48:16+02:00', 'shop': {'id': 61, 'name': 'Steam'}, 'deal': {'price': {'amount': 4.99, 'amountInt': 499, 'currency': 'USD'}, 'regular': {'amount': 19.99, 'amountInt': 1999, 'currency': 'USD'}, 'cut': 75}}, {'timestamp': '2015-03-16T18:03:08+01:00', 'shop': {'id': 61, 'name': 'Steam'}, 'deal': {'price': {'amount': 15.99, 'amountInt': 1599, 'currency': 'USD'}, 'regular': {'amount': 15.99, 'amountInt': 1599, 'currency': 'USD'}, 'cut': 0}}, {'timestamp': '2015-03-12T18:24:07+01:00', 'shop': {'id': 61, 'name': 'Steam'}, 'deal': {'price': {'amount': 5.43, 'amountInt': 543, 'currency': 'USD'}, 'regular': {'amount': 15.99, 'amountInt': 1599, 'currency': 'USD'}, 'cut': 66}}, {'timestamp': '2015-01-02T19:21:16+01:00', 'shop': {'id': 61, 'name': 'Steam'}, 'deal': {'price': {'amount': 15.99, 'amountInt': 1599, 'currency': 'USD'}, 'regular': {'amount': 15.99, 'amountInt': 1599, 'currency': 'USD'}, 'cut': 0}}, {'timestamp': '2014-12-18T20:30:04+01:00', 'shop': {'id': 61, 'name': 'Steam'}, 'deal': {'price': {'amount': 7.99, 'amountInt': 799, 'currency': 'USD'}, 'regular': {'amount': 15.99, 'amountInt': 1599, 'currency': 'USD'}, 'cut': 50}}, {'timestamp': '2014-12-02T19:06:36+01:00', 'shop': {'id': 61, 'name': 'Steam'}, 'deal': {'price': {'amount': 15.99, 'amountInt': 1599, 'currency': 'USD'}, 'regular': {'amount': 15.99, 'amountInt': 1599, 'currency': 'USD'}, 'cut': 0}}, {'timestamp': '2014-11-26T21:09:24+01:00', 'shop': {'id': 61, 'name': 'Steam'}, 'deal': {'price': {'amount': 7.99, 'amountInt': 799, 'currency': 'USD'}, 'regular': {'amount': 15.99, 'amountInt': 1599, 'currency': 'USD'}, 'cut': 50}}, {'timestamp': '2014-06-30T19:18:05+02:00', 'shop': {'id': 61, 'name': 'Steam'}, 'deal': {'price': {'amount': 15.99, 'amountInt': 1599, 'currency': 'USD'}, 'regular': {'amount': 15.99, 'amountInt': 1599, 'currency': 'USD'}, 'cut': 0}}, {'timestamp': '2014-06-19T21:00:03+02:00', 'shop': {'id': 61, 'name': 'Steam'}, 'deal': {'price': {'amount': 5.43, 'amountInt': 543, 'currency': 'USD'}, 'regular': {'amount': 15.99, 'amountInt': 1599, 'currency': 'USD'}, 'cut': 66}}, {'timestamp': '2014-01-02T19:28:48+01:00', 'shop': {'id': 61, 'name': 'Steam'}, 'deal': {'price': {'amount': 15.99, 'amountInt': 1599, 'currency': 'USD'}, 'regular': {'amount': 15.99, 'amountInt': 1599, 'currency': 'USD'}, 'cut': 0}}, {'timestamp': '2013-12-19T19:29:03+01:00', 'shop': {'id': 61, 'name': 'Steam'}, 'deal': {'price': {'amount': 7.99, 'amountInt': 799, 'currency': 'USD'}, 'regular': {'amount': 15.99, 'amountInt': 1599, 'currency': 'USD'}, 'cut': 50}}, {'timestamp': '2013-12-03T21:49:00+01:00', 'shop': {'id': 61, 'name': 'Steam'}, 'deal': {'price': {'amount': 15.99, 'amountInt': 1599, 'currency': 'USD'}, 'regular': {'amount': 15.99, 'amountInt': 1599, 'currency': 'USD'}, 'cut': 0}}, {'timestamp': '2013-11-28T06:30:36+01:00', 'shop': {'id': 61, 'name': 'Steam'}, 'deal': {'price': {'amount': 7.99, 'amountInt': 799, 'currency': 'USD'}, 'regular': {'amount': 15.99, 'amountInt': 1599, 'currency': 'USD'}, 'cut': 50}}, {'timestamp': '2013-11-28T05:23:12+01:00', 'shop': {'id': 61, 'name': 'Steam'}, 'deal': {'price': {'amount': 15.99, 'amountInt': 1599, 'currency': 'USD'}, 'regular': {'amount': 15.99, 'amountInt': 1599, 'currency': 'USD'}, 'cut': 0}}, {'timestamp': '2013-11-27T19:21:59+01:00', 'shop': {'id': 61, 'name': 'Steam'}, 'deal': {'price': {'amount': 7.99, 'amountInt': 799, 'currency': 'USD'}, 'regular': {'amount': 15.99, 'amountInt': 1599, 'currency': 'USD'}, 'cut': 50}}, {'timestamp': '2013-07-25T17:40:44+02:00', 'shop': {'id': 61, 'name': 'Steam'}, 'deal': {'price': {'amount': 15.99, 'amountInt': 1599, 'currency': 'USD'}, 'regular': {'amount': 15.99, 'amountInt': 1599, 'currency': 'USD'}, 'cut': 0}}, {'timestamp': '2013-07-11T21:06:34+02:00', 'shop': {'id': 61, 'name': 'Steam'}, 'deal': {'price': {'amount': 3.99, 'amountInt': 399, 'currency': 'USD'}, 'regular': {'amount': 15.99, 'amountInt': 1599, 'currency': 'USD'}, 'cut': 75}}, {'timestamp': '2013-07-01T13:46:11+02:00', 'shop': {'id': 61, 'name': 'Steam'}, 'deal': {'price': {'amount': 7.99, 'amountInt': 799, 'currency': 'USD'}, 'regular': {'amount': 15.99, 'amountInt': 1599, 'currency': 'USD'}, 'cut': 50}}, {'timestamp': '2013-05-15T17:26:10+02:00', 'shop': {'id': 61, 'name': 'Steam'}, 'deal': {'price': {'amount': 13.39, 'amountInt': 1339, 'currency': 'USD'}, 'regular': {'amount': 19.99, 'amountInt': 1999, 'currency': 'USD'}, 'cut': 33}}, {'timestamp': '2012-12-29T17:26:03+01:00', 'shop': {'id': 61, 'name': 'Steam'}, 'deal': {'price': {'amount': 3.99, 'amountInt': 399, 'currency': 'USD'}, 'regular': {'amount': 15.99, 'amountInt': 1599, 'currency': 'USD'}, 'cut': 75}}, {'timestamp': '2012-11-22T01:43:46+01:00', 'shop': {'id': 61, 'name': 'Steam'}, 'deal': {'price': {'amount': 7.99, 'amountInt': 799, 'currency': 'USD'}, 'regular': {'amount': 15.99, 'amountInt': 1599, 'currency': 'USD'}, 'cut': 50}}]"
018d937f-381e-7054-a93d-b7d05f9977f1,"[{'timestamp': '2024-08-01T19:16:04+02:00', 'shop': {'id': 61, 'name': 'Steam'}, 'deal': {'price': {'amount': 13.99, 'amountInt': 1399, 'currency': 'USD'}, 'regular': {'amount': 19.99, 'amountInt': 1999, 'currency': 'USD'}, 'cut': 30}}, {'timestamp': '2024-07-11T19:54:34+02:00', 'shop': {'id': 61, 'name': 'Steam'}, 'deal': {'price': {'amount': 19.99, 'amountInt': 1999, 'currency': 'USD'}, 'regular': {'amount': 19.99, 'amountInt': 1999, 'currency': 'USD'}, 'cut': 0}}, {'timestamp': '2024-06-27T20:21:43+02:00', 'shop': {'id': 61, 'name': 'Steam'}, 'deal': {'price': {'amount': 12.99, 'amountInt': 1299, 'currency': 'USD'}, 'regular': {'amount': 19.99, 'amountInt': 1999, 'currency': 'USD'}, 'cut': 35}}, {'timestamp': '2024-06-10T19:18:59+02:00', 'shop': {'id': 61, 'name': 'Steam'}, 'deal': {'price': {'amount': 19.99, 'amountInt': 1999, 'currency': 'USD'}, 'regular': {'amount': 19.99, 'amountInt': 1999, 'currency': 'USD'}, 'cut': 0}}, {'timestamp': '2024-05-27T19:22:13+02:00', 'shop': {'id': 61, 'name': 'Steam'}, 'deal': {'price': {'amount': 13.99, 'amountInt': 1399, 'currency': 'USD'}, 'regular': {'amount': 19.99, 'amountInt': 1999, 'currency': 'USD'}, 'cut': 30}}, {'timestamp': '2024-04-27T18:18:12+02:00', 'shop': {'id': 61, 'name': 'Steam'}, 'deal': {'price': {'amount': 19.99, 'amountInt': 1999, 'currency': 'USD'}, 'regular': {'amount': 19.99, 'amountInt': 1999, 'currency': 'USD'}, 'cut': 0}}, {'timestamp': '2024-04-13T18:18:27+02:00', 'shop': {'id': 61, 'name': 'Steam'}, 'deal': {'price': {'amount': 13.99, 'amountInt': 1399, 'currency': 'USD'}, 'regular': {'amount': 19.99, 'amountInt': 1999, 'currency': 'USD'}, 'cut': 30}}, {'timestamp': '2024-03-21T18:46:04+01:00', 'shop': {'id': 61, 'name': 'Steam'}, 'deal': {'price': {'amount': 19.99, 'amountInt': 1999, 'currency': 'USD'}, 'regular': {'amount': 19.99, 'amountInt': 1999, 'currency': 'USD'}, 'cut': 0}}, {'timestamp': '2024-03-14T19:06:47+01:00', 'shop': {'id': 61, 'name': 'Steam'}, 'deal': {'price': {'amount': 13.99, 'amountInt': 1399, 'currency': 'USD'}, 'regular': {'amount': 19.99, 'amountInt': 1999, 'currency': 'USD'}, 'cut': 30}}, {'timestamp': '2024-03-13T19:18:41+01:00', 'shop': {'id': 61, 'name': 'Steam'}, 'deal': {'price': {'amount': 19.99, 'amountInt': 1999, 'currency': 'USD'}, 'regular': {'amount': 19.99, 'amountInt': 1999, 'currency': 'USD'}, 'cut': 0}}, {'timestamp': '2024-03-04T19:19:12+01:00', 'shop': {'id': 61, 'name': 'Steam'}, 'deal': {'price': {'amount': 13.99, 'amountInt': 1399, 'currency': 'USD'}, 'regular': {'amount': 19.99, 'amountInt': 1999, 'currency': 'USD'}, 'cut': 30}}, {'timestamp': '2024-02-11T07:56:32+01:00', 'shop': {'id': 61, 'name': 'Steam'}, 'deal': {'price': {'amount': 19.99, 'amountInt': 1999, 'currency': 'USD'}, 'regular': {'amount': 19.99, 'amountInt': 1999, 'currency': 'USD'}, 'cut': 0}}, {'timestamp': '2024-02-03T19:37:39+01:00', 'shop': {'id': 61, 'name': 'Steam'}, 'deal': {'price': {'amount': 19.99, 'amountInt': 1999, 'currency': 'USD'}, 'regular': {'amount': 19.99, 'amountInt': 1999, 'currency': 'USD'}, 'cut': 0}}, {'timestamp': '2024-01-20T19:25:20+01:00', 'shop': {'id': 61, 'name': 'Steam'}, 'deal': {'price': {'amount': 13.99, 'amountInt': 1399, 'currency': 'USD'}, 'regular': {'amount': 19.99, 'amountInt': 1999, 'currency': 'USD'}, 'cut': 30}}, {'timestamp': '2024-01-05T00:35:01+01:00', 'shop': {'id': 61, 'name': 'Steam'}, 'deal': {'price': {'amount': 19.99, 'amountInt': 1999, 'currency': 'USD'}, 'regular': {'amount': 19.99, 'amountInt': 1999, 'currency': 'USD'}, 'cut': 0}}, {'timestamp': '2023-12-07T19:19:12+01:00', 'shop': {'id': 61, 'name': 'Steam'}, 'deal': {'price': {'amount': 13.99, 'amountInt': 1399, 'currency': 'USD'}, 'regular': {'amount': 19.99, 'amountInt': 1999, 'currency': 'USD'}, 'cut': 30}}, {'timestamp': '2023-11-28T21:10:31+01:00', 'shop': {'id': 61, 'name': 'Steam'}, 'deal': {'price': {'amount': 19.99, 'amountInt': 1999, 'currency': 'USD'}, 'regular': {'amount': 19.99, 'amountInt': 1999, 'currency': 'USD'}, 'cut': 0}}, {'timestamp': '2023-11-21T21:05:32+01:00', 'shop': {'id': 61, 'name': 'Steam'}, 'deal': {'price': {'amount': 13.99, 'amountInt': 1399, 'currency': 'USD'}, 'regular': {'amount': 19.99, 'amountInt': 1999, 'currency': 'USD'}, 'cut': 30}}, {'timestamp': '2023-11-05T18:18:19+01:00', 'shop': {'id': 61, 'name': 'Steam'}, 'deal': {'price': {'amount': 19.99, 'amountInt': 1999, 'currency': 'USD'}, 'regular': {'amount': 19.99, 'amountInt': 1999, 'currency': 'USD'}, 'cut': 0}}, {'timestamp': '2023-10-22T19:03:17+02:00', 'shop': {'id': 61, 'name': 'Steam'}, 'deal': {'price': {'amount': 13.99, 'amountInt': 1399, 'currency': 'USD'}, 'regular': {'amount': 19.99, 'amountInt': 1999, 'currency': 'USD'}, 'cut': 30}}, {'timestamp': '2023-09-22T19:19:00+02:00', 'shop': {'id': 61, 'name': 'Steam'}, 'deal': {'price': {'amount': 19.99, 'amountInt': 1999, 'currency': 'USD'}, 'regular': {'amount': 19.99, 'amountInt': 1999, 'currency': 'USD'}, 'cut': 0}}, {'timestamp': '2023-09-08T19:18:38+02:00', 'shop': {'id': 61, 'name': 'Steam'}, 'deal': {'price': {'amount': 13.99, 'amountInt': 1399, 'currency': 'USD'}, 'regular': {'amount': 19.99, 'amountInt': 1999, 'currency': 'USD'}, 'cut': 30}}, {'timestamp': '2023-08-04T19:06:14+02:00', 'shop': {'id': 61, 'name': 'Steam'}, 'deal': {'price': {'amount': 19.99, 'amountInt': 1999, 'currency': 'USD'}, 'regular': {'amount': 19.99, 'amountInt': 1999, 'currency': 'USD'}, 'cut': 0}}, {'timestamp': '2023-07-21T19:18:37+02:00', 'shop': {'id': 61, 'name': 'Steam'}, 'deal': {'price': {'amount': 14.39, 'amountInt': 1439, 'currency': 'USD'}, 'regular': {'amount': 19.99, 'amountInt': 1999, 'currency': 'USD'}, 'cut': 28}}, {'timestamp': '2023-07-13T21:24:50+02:00', 'shop': {'id': 61, 'name': 'Steam'}, 'deal': {'price': {'amount': 19.99, 'amountInt': 1999, 'currency': 'USD'}, 'regular': {'amount': 19.99, 'amountInt': 1999, 'currency': 'USD'}, 'cut': 0}}, {'timestamp': '2023-06-30T02:41:34+02:00', 'shop': {'id': 61, 'name': 'Steam'}, 'deal': {'price': {'amount': 13.99, 'amountInt': 1399, 'currency': 'USD'}, 'regular': {'amount': 19.99, 'amountInt': 1999, 'currency': 'USD'}, 'cut': 30}}, {'timestamp': '2023-06-18T19:18:45+02:00', 'shop': {'id': 61, 'name': 'Steam'}, 'deal': {'price': {'amount': 19.99, 'amountInt': 1999, 'currency': 'USD'}, 'regular': {'amount': 19.99, 'amountInt': 1999, 'currency': 'USD'}, 'cut': 0}}, {'timestamp': '2023-06-10T19:18:33+02:00', 'shop': {'id': 61, 'name': 'Steam'}, 'deal': {'price': {'amount': 14.39, 'amountInt': 1439, 'currency': 'USD'}, 'regular': {'amount': 19.99, 'amountInt': 1999, 'currency': 'USD'}, 'cut': 28}}, {'timestamp': '2023-05-10T20:49:33+02:00', 'shop': {'id': 61, 'name': 'Steam'}, 'deal': {'price': {'amount': 19.99, 'amountInt': 1999, 'currency': 'USD'}, 'regular': {'amount': 19.99, 'amountInt': 1999, 'currency': 'USD'}, 'cut': 0}}, {'timestamp': '2023-04-26T19:06:21+02:00', 'shop': {'id': 61, 'name': 'Steam'}, 'deal': {'price': {'amount': 13.99, 'amountInt': 1399, 'currency': 'USD'}, 'regular': {'amount': 19.99, 'amountInt': 1999, 'currency': 'USD'}, 'cut': 30}}, {'timestamp': '2023-03-23T18:53:21+01:00', 'shop': {'id': 61, 'name': 'Steam'}, 'deal': {'price': {'amount': 19.99, 'amountInt': 1999, 'currency': 'USD'}, 'regular': {'amount': 19.99, 'amountInt': 1999, 'currency': 'USD'}, 'cut': 0}}, {'timestamp': '2023-03-16T22:04:33+01:00', 'shop': {'id': 61, 'name': 'Steam'}, 'deal': {'price': {'amount': 14.59, 'amountInt': 1459, 'currency': 'USD'}, 'regular': {'amount': 19.99, 'amountInt': 1999, 'currency': 'USD'}, 'cut': 27}}, {'timestamp': '2023-03-15T19:19:55+01:00', 'shop': {'id': 61, 'name': 'Steam'}, 'deal': {'price': {'amount': 19.99, 'amountInt': 1999, 'currency': 'USD'}, 'regular': {'amount': 19.99, 'amountInt': 1999, 'currency': 'USD'}, 'cut': 0}}, {'timestamp': '2023-03-01T19:19:41+01:00', 'shop': {'id': 61, 'name': 'Steam'}, 'deal': {'price': {'amount': 14.59, 'amountInt': 1459, 'currency': 'USD'}, 'regular': {'amount': 19.99, 'amountInt': 1999, 'currency': 'USD'}, 'cut': 27}}, {'timestamp': '2023-01-30T19:19:47+01:00', 'shop': {'id': 61, 'name': 'Steam'}, 'deal': {'price': {'amount': 19.99, 'amountInt': 1999, 'currency': 'USD'}, 'regular': {'amount': 19.99, 'amountInt': 1999, 'currency': 'USD'}, 'cut': 0}}, {'timestamp': '2023-01-16T19:28:38+01:00', 'shop': {'id': 61, 'name': 'Steam'}, 'deal': {'price': {'amount': 14.59, 'amountInt': 1459, 'currency': 'USD'}, 'regular': {'amount': 19.99, 'amountInt': 1999, 'currency': 'USD'}, 'cut': 27}}, {'timestamp': '2023-01-05T20:45:31+01:00', 'shop': {'id': 61, 'name': 'Steam'}, 'deal': {'price': {'amount': 19.99, 'amountInt': 1999, 'currency': 'USD'}, 'regular': {'amount': 19.99, 'amountInt': 1999, 'currency': 'USD'}, 'cut': 0}}, {'timestamp': '2022-12-22T20:51:55+01:00', 'shop': {'id': 61, 'name': 'Steam'}, 'deal': {'price': {'amount': 14.59, 'amountInt': 1459, 'currency': 'USD'}, 'regular': {'amount': 19.99, 'amountInt': 1999, 'currency': 'USD'}, 'cut': 27}}, {'timestamp': '2022-12-17T19:45:04+01:00', 'shop': {'id': 61, 'name': 'Steam'}, 'deal': {'price': {'amount': 19.99, 'amountInt': 1999, 'currency': 'USD'}, 'regular': {'amount': 19.99, 'amountInt': 1999, 'currency': 'USD'}, 'cut': 0}}, {'timestamp': '2022-12-03T19:24:54+01:00', 'shop': {'id': 61, 'name': 'Steam'}, 'deal': {'price': {'amount': 14.99, 'amountInt': 1499, 'currency': 'USD'}, 'regular': {'amount': 19.99, 'amountInt': 1999, 'currency': 'USD'}, 'cut': 25}}, {'timestamp': '2022-11-29T21:21:43+01:00', 'shop': {'id': 61, 'name': 'Steam'}, 'deal': {'price': {'amount': 19.99, 'amountInt': 1999, 'currency': 'USD'}, 'regular': {'amount': 19.99, 'amountInt': 1999, 'currency': 'USD'}, 'cut': 0}}, {'timestamp': '2022-11-22T23:53:18+01:00', 'shop': {'id': 61, 'name': 'Steam'}, 'deal': {'price': {'amount': 14.99, 'amountInt': 1499, 'currency': 'USD'}, 'regular': {'amount': 19.99, 'amountInt': 1999, 'currency': 'USD'}, 'cut': 25}}, {'timestamp': '2022-11-03T18:19:09+01:00', 'shop': {'id': 61, 'name': 'Steam'}, 'deal': {'price': {'amount': 19.99, 'amountInt': 1999, 'currency': 'USD'}, 'regular': {'amount': 19.99, 'amountInt': 1999, 'currency': 'USD'}, 'cut': 0}}, {'timestamp': '2022-10-20T19:20:08+02:00', 'shop': {'id': 61, 'name': 'Steam'}, 'deal': {'price': {'amount': 14.99, 'amountInt': 1499, 'currency': 'USD'}, 'regular': {'amount': 19.99, 'amountInt': 1999, 'currency': 'USD'}, 'cut': 25}}, {'timestamp': '2022-09-22T19:20:02+02:00', 'shop': {'id': 61, 'name': 'Steam'}, 'deal': {'price': {'amount': 19.99, 'amountInt': 1999, 'currency': 'USD'}, 'regular': {'amount': 19.99, 'amountInt': 1999, 'currency': 'USD'}, 'cut': 0}}, {'timestamp': '2022-09-08T19:19:07+02:00', 'shop': {'id': 61, 'name': 'Steam'}, 'deal': {'price': {'amount': 15.39, 'amountInt': 1539, 'currency': 'USD'}, 'regular': {'amount': 19.99, 'amountInt': 1999, 'currency': 'USD'}, 'cut': 23}}, {'timestamp': '2022-07-21T19:20:40+02:00', 'shop': {'id': 61, 'name': 'Steam'}, 'deal': {'price': {'amount': 19.99, 'amountInt': 1999, 'currency': 'USD'}, 'regular': {'amount': 19.99, 'amountInt': 1999, 'currency': 'USD'}, 'cut': 0}}, {'timestamp': '2022-06-23T21:41:12+02:00', 'shop': {'id': 61, 'name': 'Steam'}, 'deal': {'price': {'amount': 15.59, 'amountInt': 1559, 'currency': 'USD'}, 'regular': {'amount': 19.99, 'amountInt': 1999, 'currency': 'USD'}, 'cut': 22}}, {'timestamp': '2022-05-31T19:18:39+02:00', 'shop': {'id': 61, 'name': 'Steam'}, 'deal': {'price': {'amount': 19.99, 'amountInt': 1999, 'currency': 'USD'}, 'regular': {'amount': 19.99, 'amountInt': 1999, 'currency': 'USD'}, 'cut': 0}}, {'timestamp': '2022-05-17T19:06:22+02:00', 'shop': {'id': 61, 'name': 'Steam'}, 'deal': {'price': {'amount': 15.99, 'amountInt': 1599, 'currency': 'USD'}, 'regular': {'amount': 19.99, 'amountInt': 1999, 'currency': 'USD'}, 'cut': 20}}, {'timestamp': '2022-04-11T19:07:47+02:00', 'shop': {'id': 61, 'name': 'Steam'}, 'deal': {'price': {'amount': 19.99, 'amountInt': 1999, 'currency': 'USD'}, 'regular': {'amount': 19.99, 'amountInt': 1999, 'currency': 'USD'}, 'cut': 0}}, {'timestamp': '2022-03-28T19:06:57+02:00', 'shop': {'id': 61, 'name': 'Steam'}, 'deal': {'price': {'amount': 15.99, 'amountInt': 1599, 'currency': 'USD'}, 'regular': {'amount': 19.99, 'amountInt': 1999, 'currency': 'USD'}, 'cut': 20}}, {'timestamp': '2022-02-18T19:10:57+01:00', 'shop': {'id': 61, 'name': 'Steam'}, 'deal': {'price': {'amount': 19.99, 'amountInt': 1999, 'currency': 'USD'}, 'regular': {'amount': 19.99, 'amountInt': 1999, 'currency': 'USD'}, 'cut': 0}}, {'timestamp': '2022-02-04T19:27:40+01:00', 'shop': {'id': 61, 'name': 'Steam'}, 'deal': {'price': {'amount': 15.99, 'amountInt': 1599, 'currency': 'USD'}, 'regular': {'amount': 19.99, 'amountInt': 1999, 'currency': 'USD'}, 'cut': 20}}, {'timestamp': '2022-02-03T21:09:47+01:00', 'shop': {'id': 61, 'name': 'Steam'}, 'deal': {'price': {'amount': 19.99, 'amountInt': 1999, 'currency': 'USD'}, 'regular': {'amount': 19.99, 'amountInt': 1999, 'currency': 'USD'}, 'cut': 0}}, {'timestamp': '2022-01-27T19:01:39+01:00', 'shop': {'id': 61, 'name': 'Steam'}, 'deal': {'price': {'amount': 15.99, 'amountInt': 1599, 'currency': 'USD'}, 'regular': {'amount': 19.99, 'amountInt': 1999, 'currency': 'USD'}, 'cut': 20}}, {'timestamp': '2022-01-05T21:39:45+01:00', 'shop': {'id': 61, 'name': 'Steam'}, 'deal': {'price': {'amount': 19.99, 'amountInt': 1999, 'currency': 'USD'}, 'regular': {'amount': 19.99, 'amountInt': 1999, 'currency': 'USD'}, 'cut': 0}}, {'timestamp': '2021-12-23T00:01:07+01:00', 'shop': {'id': 61, 'name': 'Steam'}, 'deal': {'price': {'amount': 15.99, 'amountInt': 1599, 'currency': 'USD'}, 'regular': {'amount': 19.99, 'amountInt': 1999, 'currency': 'USD'}, 'cut': 20}}, {'timestamp': '2021-12-01T21:04:07+01:00', 'shop': {'id': 61, 'name': 'Steam'}, 'deal': {'price': {'amount': 19.99, 'amountInt': 1999, 'currency': 'USD'}, 'regular': {'amount': 19.99, 'amountInt': 1999, 'currency': 'USD'}, 'cut': 0}}, {'timestamp': '2021-11-11T19:06:54+01:00', 'shop': {'id': 61, 'name': 'Steam'}, 'deal': {'price': {'amount': 17.59, 'amountInt': 1759, 'currency': 'USD'}, 'regular': {'amount': 19.99, 'amountInt': 1999, 'currency': 'USD'}, 'cut': 10}}, {'timestamp': '2021-09-22T22:06:21+02:00', 'shop': {'id': 61, 'name': 'Steam'}, 'deal': {'price': {'amount': 19.99, 'amountInt': 1999, 'currency': 'USD'}, 'regular': {'amount': 19.99, 'amountInt': 1999, 'currency': 'USD'}, 'cut': 0}}, {'timestamp': '2021-09-15T19:03:19+02:00', 'shop': {'id': 61, 'name': 'Steam'}, 'deal': {'price': {'amount': 17.99, 'amountInt': 1799, 'currency': 'USD'}, 'regular': {'amount': 19.99, 'amountInt': 1999, 'currency': 'USD'}, 'cut': 10}}]"
